1537
2993
1616
2909
1705
2817
1801
2719
1903
2614
2010
2505
2121
2395
2233
2282
2346
2171
2457
2060
2562
1952
2673
1847
2772
1748
2866
1658
2953
1573
3033
1498
3103
1430
3165
1373
3215
1328
3252
1295
3278
1273
3294
1266
3293
1272
3282
1290
3259
1321
3224
1363
3177
1417
3118
1480
3051
1554
2973
1636
2888
1727
2794
1824
2694
1927
2589
2035
2481
2145
2370
2257
2259
2369
2147
2481
2034
2589
1926
2695
1823
2796
1726
2889
1636
2974
1554
3051
1480
3120
1415
3178
1362
3225
1319
3259
1289
3283
1269
3294
1266
3291
1275
3277
1297
3251
1331
3211
1377
3161
1433
3101
1500
3031
1575
2951
1660
2864
1751
2769
1851
2668
1956
2561
2064
2451
2175
2340
2288
2227
2401
2113
2512
2004
2621
1897
2725
1795
2823
1700
2913
1612
2997
1532
3071
1461
3136
1400
3191
1349
3235
1310
3266
1282
3288
1266
3295
1268
3289
1280
3271
1305
3242
1342
3199
1390
3147
1450
3084
1518
3011
1597
2930
1683
2840
1777
2742
1879
2639
1985
2532
2096
2420
2207
2308
2319
2195
2432
2084
2542
1974
2649
1869
2752
1768
2847
1676
2937
1590
3017
1512
3089
1443
3153
1384
3205
1336
3245
1301
3274
1276
3294
1266
3294
1270
3285
1285
3264
1314
3230
1355
3185
1406
3129
1469
3064
1541
2988
1622
2903
1712
2811
1804
2711
1910
2607
2018
2498
2128
2388
2240
2275
2349
2163
2464
2052
2573
1943
2680
1839
2781
1740
2876
1649
2962
1565
3041
1490
3111
1424
3170
1368
3218
1324
3255
1292
3280
1272
3295
1266
3293
1274
3280
1293
3256
1325
3218
1369
3169
1424
3110
1490
3042
1565
2963
1648
2876
1738
2781
1837
2681
1941
2576
2049
2467
2160
2356
2272
2243
2385
2130
2496
2019
2605
1912
2710
1808
2809
1713
2901
1624
2985
1544
3061
1470
3128
1408
3185
1355
3230
1314
3263
1286
3285
1267
3295
1267
3290
1278
3275
1301
3246
1337
3205
1384
3153
1441
3092
1506
3021
1586
2941
1672
2852
1765
2755
1864
2653
1971
2545
2080
2435
2191
2323
2305
2210
2417
2098
2528
1988
2636
1883
2738
1781
2836
1688
2925
1601
3007
1522
3080
1452
3144
1392
3199
1342
3241
1305
3271
1279
3289
1266
3294
1269
3287
1283
3268
1310
3236
1349
3192
1399
3140
1459
3073
1529
2999
1610
2916
1698
2825
1793
2727
1895
2621
2002
2513
2112
2403
2224
2291
2337
2179
2449
2067
2559
1959
2665
1854
2766
1754
2861
1663
2949
1578
3029
1500
3101
1433
3162
1376
3212
1330
3250
1297
3277
1274
3294
1266
3293
1271
3283
1289
3260
1319
3225
1362
3178
1415
3120
1478
3053
1553
2976
1634
2889
1725
2796
1823
2696
1926
2592
2033
2482
2144
2371
2256
2259
2368
2147
2480
2035
2588
1927
2695
1823
2795
1726
2889
1636
2974
1554
3051
1479
3120
1415
3178
1361
3225
1319
3260
1289
3283
1269
3295
1266
3291
1275
3277
1296
3250
1331
3211
1377
3161
1433
3100
1499
3031
1575
2951
1660
2864
1752
2768
1852
2667
1956
2561
2065
2451
2176
2339
2288
2226
2401
2114
2513
2003
2622
1896
2725
1794
2824
1699
2914
1612
2997
1532
3071
1461
3137
1399
3192
1348
3235
1310
3267
1282
3288
