1744
1780
1856
1922
2002
2083
2162
2231
2312
2394
2475
2545
2625
2537
2615
2695
2775
2855
2922
3002
3079
3157
3233
3309
3374
3449
3521
3581
3652
3426
3488
3560
3629
3697
3762
3818
3881
3940
3997
4052
4095
4095
4095
4095
4095
4087
4095
4095
4095
4095
4095
4095
4095
4095
4095
4095
4095
4095
4095
4095
4095
4095
4095
4095
4095
4095
4095
4095
4095
4095
4095
4095
4095
4095
4095
4095
4095
4095
4095
4095
4095
4095
4095
4095
4095
4095
4095
4095
4095
4095
4095
4095
4095
4095
4095
4095
4095
4095
4071
4017
3966
3907
3843
3789
3722
3663
3594
3523
3460
3572
3501
3426
3362
3285
3218
3140
3060
2990
2911
2831
2761
2681
2597
2529
2445
2713
2628
2554
2482
2400
2321
2248
2167
2636
2553
2476
2407
2327
2246
2165
2095
2017
1938
1869
1789
1715
1640
1577
1504
1434
1373
1305
1240
1184
1121
1061
1007
1061
1007
952
899
850
808
761
717
676
642
606
574
544
520
495
474
550
523
498
478
458
442
428
418
407
398
401
407
414
424
434
450
409
419
429
443
457
478
498
525
417
427
441
454
474
497
518
547
578
612
645
684
726
764
813
855
907
955
1011
1070
1122
1185
1247
1314
1275
1333
1405
1474
1535
1607
1682
1749
1831
1908
1978
2058
2133
2214
2285
2366
2071
2152
2233
2306
2388
2468
2541
2620
2693
2777
2856
2926
3007
3087
3155
3233
3007
3076
3157
3231
3300
3377
3449
3517
3071
3148
3223
3298
3362
3436
3506
3578
3639
3708
3769
3831
3892
3950
4010
4064
4095
4095
4095
4095
4095
4095
4095
4095
4095
4095
4095
4095
4095
4095
4095
4095
4095
4095
4095
4095
4095
4095
4095
4095
4095
4095
4095
4095
4095
4095
4095
4095
4095
4095
4095
4095
4095
4095
4095
4095
4095
4095
4095
4095
4095
4095
4095
4095
4095
4095
4095
4095
4095
4095
4095
4095
4086
4031
3974
3923
3861
3797
3738
3670
3609
3539
3467
3401
3328
3262
3184
3113
3183
3106
3027
2950
2880
2799
2727
2645
2561
2488
2406
2336
2256
2174
2101
2021
2264
2191
2109
2029
1958
1887
1809
1732
1666
1590
1525
1453
1390
1319
1259
1193
1448
1378
1317
1249
1192
1127
1071
1013
1359
1292
1226
1173
1114
1055
999
944
893
848
801
755
712
677
639
602
574
545
517
497
474
456
438
427
434
422
411
401
400
404
410
419
431
444
461
478
501
528
553
584
488
509
536
565
598
629
668
706
752
792
838
890
942
990
1046
1105
931
986
1042
1094
1154
1218
1282
1344
964
1014
1072
1126
1189
1256
1314
1383
1451
1513
1587
1663
1730
1804
1876
1955
2025
2106
2177
2260
2341
2413
2495
2575
2561
2643
2716
2800
2869
2950
3030
3102
3180
3247
3323
3389
3464
3537
3600
3670
3408
3482
3543
3614
3684
3744
3811
3874
3928
3986
4042
4090
4095
4095
4095
4095
4074
4095
4095
4095
4095
4095
4095
4095
4095
4095
4095
4095
4095
4095
4095
4095
4095
4095
4095
4095
4095
4095
4095
4095
4095
4095
4095
4095
4095
4095
4095
4095
4095
4095
4095
4095
4095
4095
4095
4095
4095
4095
4095
4095
4095
4095
4095
4095
4095
4095
4095
4095
4095
4095
4044
3986
3935
3874
3810
3754
3687
3625
3553
3491
3613
3545
3480
3407
3340
3261
3193
3113
3552
3480
3407
3340
3264
3196
3117
3047
2967
2896
2814
2742
2659
2588
2505
2432
2349
2265
2195
2113
2041
1960
1882
1815
1866
1795
1719
1643
1582
1508
1434
1374
1303
1244
1178
1125
1062
1010
954
902
1086
1030
973
926
872
823
780
739
696
655
622
590
557
531
504
485
568
540
512
490
469
453
437
424
545
518
496
474
455
440
426
416
407
395
402
410
415
425
438
451
469
491
515
538
571
603
639
674
650
691
733
771
818
869
913
968
1018
1077
1136
1197
1260
1318
1388
1457
1226
1287
1354
1416
1488
1552
1626
1691
1769
1836
1915
1994
2065
2147
2228
2296
2032
2103
2187
2259
2341
2425
2496
2581
2122
2193
2274
2347
2431
2505
2588
2661
2744
2819
2901
2973
3054
3123
3203
3272
3346
3414
3488
3553
3625
3688
3748
3816
3755
3822
3878
3942
3994
4051
4095
4095
4095
4095
4095
4095
4095
4095
4095
4095
4095
4095
4095
4095
4095
4095
4095
4095
4095
4095
4095
4095
4095
4095
4095
4095
4095
4095
4095
4095
4095
4095
4095
4095
4095
4095
4095
4095
4095
4095
4095
4095
4095
4095
4095
4095
4095
4095
4095
4095
4095
4095
4095
4095
4095
4064
4009
3952
4072
4016
3961
3902
3849
3787
3722
3657
3589
3522
3451
3388
3311
3235
3166
3089
3195
3127
3049
2972
2894
2815
2747
2666
2586
2507
2426
2356
2275
2196
2115
2044
2329
2248
2167
2099
2019
1941
1863
1798
2234
2164
2082
2003
1925
1858
1778
1712
1634
1568
1492
1420
1361
1293
1228
1172
1111
1051
1000
944
891
847
798
751
782
741
696
661
624
589
561
533
506
485
464
446
433
420
411
402
452
438
424
413
404
395
403
409
417
426
441
457
474
498
520
548
481
505
529
560
588
623
662
697
500
522
550
583
617
653
688
731
775
823
866
919
966
1024
1082
1142
1194
1257
1321
1390
1459
1531
1602
1672
1626
1690
1765
1842
1917
1994
2069
2139
2221
2301
2377
2458
2535
2612
2690
2766
2475
2552
2636
2706
2785
2866
2945
3012
3091
3169
3245
3311
3386
3457
3531
3591
3413
3485
3546
3615
3681
3750
3805
3869
3445
3518
3582
3651
3718
3776
3842
3897
3958
4008
4064
4095
4095
4095
4095
4095
4095
4095
4095
4095
4095
4095
4095
4095
4095
4095
4095
4095
4095
4095
4095
4095
4095
4095
4095
