1306
1322
1338
1355
1373
1390
1409
1426
1445
1464
1483
1503
1522
1542
1563
1584
1601
1626
1648
1668
1690
1712
1734
1755
1778
1800
1824
1845
1869
1891
1914
1937
1960
1984
2007
2030
2053
2077
2100
2122
2145
2168
2192
2214
2237
2260
2282
2304
2327
2349
2371
2393
2415
2436
2457
2479
2500
2520
2540
2560
2580
2599
2618
2637
2656
2674
2692
2709
2726
2743
2759
2775
2791
2806
2821
2836
2850
2864
2877
2890
2903
2914
2927
2937
2946
2959
2968
2978
2987
2995
3003
3010
3017
3024
3029
3035
3040
3044
3048
3051
3054
3057
3059
3061
3062
3063
3062
3060
3054
3056
3054
3050
3047
3043
3037
3033
3028
3022
3015
3009
3000
2993
2984
2975
2965
2955
2944
2933
2922
2910
2898
2885
2872
2859
2845
2830
2816
2801
2785
2769
2753
2737
2717
2702
2685
2666
2649
2629
2612
2591
2572
2551
2532
2512
2491
2469
2447
2428
2406
2384
2362
2339
2317
2295
2273
2250
2228
2204
2181
2159
2136
2112
2090
2066
2043
2020
1997
1974
1951
1927
1905
1881
1858
1836
1813
1791
1768
1745
1725
1702
1681
1659
1638
1617
1595
1574
1554
1534
1514
1494
1474
1456
1436
1418
1400
1382
1365
1347
1331
1314
1299
1283
1268
1253
1238
1225
1207
1198
1184
1172
1160
1148
1138
1126
1116
1106
1097
1089
1080
1073
1065
1058
1052
1046
1041
1037
1033
1029
1026
1023
1021
1018
1017
1016
1017
1018
1020
1022
1025
1028
1032
1035
1040
1045
1050
1057
1063
1070
1078
1086
1095
1104
1114
1124
1135
1146
1157
1169
1182
1194
1207
1221
1235
1250
1264
1279
1292
1311
1327
1344
1360
1378
1395
1413
1433
1451
1470
1489
1509
1529
1550
1570
1591
1612
1633
1653
1675
1698
1720
1741
1763
1785
1808
1830
1853
1876
1898
1921
1945
1968
1991
2015
2037
2061
2084
2107
2129
2153
2177
2199
2222
2244
2268
2289
2312
2334
2357
2378
2401
2421
2443
2464
2485
2506
2526
2546
2566
2586
2605
2625
2643
2661
2679
2697
2715
2732
2749
2764
2780
2796
2812
2825
2841
2854
2868
2881
2894
2907
2918
2930
2941
2951
2962
2972
2981
2989
2998
3006
3013
3020
3026
3032
3037
3041
3045
3049
3052
3055
3057
3059
3061
3063
3063
3061
3059
3057
3055
3052
3049
3045
3041
3037
3032
3026
3020
3013
3006
2998
2989
2981
2972
2961
2951
2941
2930
2918
2906
2894
2881
2867
2854
2840
2826
2811
2795
2780
2760
2748
2730
2714
2696
2679
2662
2642
2624
2605
2585
2565
2545
2525
2505
2484
2463
2441
2420
2398
2377
2355
2333
2310
2288
2266
2242
2219
2197
2174
2152
2128
2105
2082
2059
2036
2012
1989
1966
1942
1919
1897
1874
1851
1828
1806
1783
1761
1739
1717
1696
1674
1652
1630
1610
1589
1568
1548
1526
1507
1487
1469
1449
1430
1412
1394
1376
1359
1343
1326
1310
1293
1278
1263
1248
1233
1219
1206
1192
1180
1168
1157
1145
1134
1123
1113
1104
1094
1085
1077
1070
1062
1056
1050
1045
1040
1035
1032
1028
1025
1022
1020
1018
1017
1016
1017
1019
1021
1025
1026
1029
1033
1036
1041
1047
1052
1059
1066
1073
1081
1086
1098
1107
1118
1128
1138
1150
1161
1173
1186
1200
1212
1226
1240
