1779
1778
1778
1778
1778
1777
1777
1777
1777
1776
1776
1775
1776
1775
1776
1775
1775
1774
1774
1773
1773
1773
1774
1772
1772
1772
1772
1772
1771
1771
1771
1770
1767
1769
1769
1769
1769
1768
1768
1768
1768
1768
1768
1767
1767
1767
1765
1767
1766
1766
1765
1765
1765
1765
1764
1764
1764
1764
1763
1763
1763
1763
1763
1762
1762
1761
1758
1761
1762
1761
1761
1760
1760
1760
1760
1760
1760
1759
1759
1759
1758
1758
1758
1757
1757
1757
1757
1757
1757
1757
1756
1756
1756
1755
1755
1754
1755
1755
1754
1754
1753
1753
1753
1753
1753
1753
1752
1752
1752
1751
1751
1751
1751
1751
1750
1749
1750
1750
1750
1749
1749
1748
1748
1748
1748
1748
1748
1747
1747
1747
1747
1746
1746
1746
1745
1745
1745
1745
1741
1744
1746
1744
1744
1744
1744
1743
1743
1743
1743
1742
1742
1741
1742
1741
1741
1741
1741
1741
1741
1741
1740
1740
1740
1739
1739
1739
1739
1739
1738
1738
1738
1737
1737
1737
1737
1737
1737
1737
1737
1736
1736
1736
1736
1736
1736
1735
1736
1735
1736
1735
1735
1734
1735
1734
1734
1734
1734
1734
1733
1733
1733
1732
1733
1732
1731
1731
1732
1731
1731
1731
1731
1730
1731
1730
1730
1730
1730
1730
1730
1730
1729
1729
1729
1729
1729
1729
1729
1728
1726
1728
1728
1727
1728
1727
1727
1727
1727
1726
1726
1726
1726
1726
1727
1725
1726
1726
1725
1725
1725
1725
1725
1724
1725
1724
1723
1723
1723
1723
1724
1723
1723
1723
1723
1723
1723
1722
1722
1722
1722
1721
1722
1721
1723
1722
1721
1721
1722
1721
1722
1721
1721
1721
1720
1720
1720
1720
1720
1719
1718
1719
1720
1720
1720
1719
1718
1719
1719
1719
1718
1718
1719
1717
1718
1718
1717
1717
1718
1717
1718
1717
1717
1717
1717
1717
1717
1717
1718
1717
1716
1716
1716
1716
1716
1716
1716
1716
1716
1716
1716
1716
1715
1715
1715
1715
1715
1715
1715
1715
1715
1715
1715
1715
1715
1715
1715
1714
1715
1715
1714
1714
1714
1714
1714
1714
1714
1714
1714
1714
1710
1714
1714
1714
1714
1714
1714
1713
1711
1713
1713
1713
1713
1713
1713
1713
1714
1713
1713
1714
1715
1713
1714
1713
1713
1713
1713
1713
1714
1712
1713
1713
1714
1713
1714
1713
1713
1713
1714
1713
1713
1713
1712
1713
1712
1713
1712
1712
1713
1712
1713
1713
1713
1713
1713
1713
1713
1713
1710
1713
1713
1712
1713
1712
1712
1712
1713
1713
1713
1712
1713
1713
1713
1713
1713
1713
1713
1712
1713
1713
1714
1714
1713
1713
1713
1713
1713
1713
1713
1714
1713
1714
1714
1713
1713
1714
1713
1713
1714
1713
1714
1714
1714
1714
1714
1714
1713
1714
1714
1714
1714
1714
1714
1714
1714
1714
1714
1714
1715
1714
1715
1715
1715
1715
1712
1715
1715
1715
1715
1715
1715
1715
1716
1716
1716
1715
1716
1716
1716
1715
1714
1716
1716
1717
1716
1716
1716
1717
1716
1717
1717
1716
1717
1718
1717
1718
1718
1717
1718
1718
1718
1718
1717
1717
1718
1718
1719
1718
1719
1719
1719
1720
1720
1720
1720
1720
1720
1719
1720
1720
1721
1720
1721
1721
1721
1721
1722
1721
1722
1721
1722
1722
1722
1722
1722
1722
1722
1722
1722
1722
1723
1723
1724
1723
1723
1723
1724
1724
1724
1724
1726
1724
1724
1725
1725
1725
1725
1725
1725
1726
1726
1726
1726
1726
1726
1726
1725
1727
1727
1727
1727
1728
1728
1728
1728
1728
1728
1728
1729
1729
1730
1730
1729
1729
1730
1730
1730
1730
1730
1730
1730
1730
1731
1731
1731
1731
1732
1732
1733
1733
1733
1733
1733
1733
1733
1733
1734
1734
1734
1735
1735
1734
1735
1735
1735
1735
1736
1736
1736
1736
1736
1736
1736
1736
1737
1736
1737
1737
1737
1737
1739
1738
1738
1737
1738
1738
1739
1739
1739
1739
1739
1740
1740
1740
1740
1741
1741
1741
1741
1741
1742
1741
1742
1742
1744
1742
1743
1743
1743
1744
1744
1744
1744
1744
1744
1745
1745
1745
1746
1746
1746
1746
1747
1747
1747
1747
1747
1748
1748
1749
1749
1748
1749
1749
1749
1749
1750
1749
1750
1751
1751
1751
1748
1751
1752
1752
1752
1752
1753
1753
1753
1753
1753
1753
1753
1753
1754
1754
1755
1755
1756
1755
1756
1756
1756
1756
1757
1757
1757
1757
1758
1758
1760
1759
1759
1759
1759
1759
1760
1760
1760
1761
1761
1761
1761
1761
1762
1762
1762
1762
1763
1762
1763
1764
1764
1764
1764
1764
1762
1765
1767
1766
1766
1766
1767
1767
1767
1768
1768
1768
1769
1769
1769
1769
1770
1770
1770
1770
1771
1771
1771
1772
1771
1772
1773
1773
1773
1773
1773
1774
1775
1775
1775
1775
1776
1776
1777
1776
1777
1777
1777
1777
1778
1778
1779
1778
1779
1779
1780
1780
1781
1781
1781
1781
1782
1782
1782
1782
1783
1783
1783
1784
1784
1785
1785
1785
1785
1785
1785
1786
1787
1787
1787
1787
1788
1788
1789
1789
1789
1789
1789
1789
1790
1791
1791
1791
1791
1791
1791
1792
1792
1793
1793
1793
1793
1793
1793
1794
1794
1794
1795
1794
1795
1795
1795
1796
1796
1796
1796
1796
1797
1797
1797
1797
1798
1797
1798
1798
1799
1799
1800
1800
1800
1800
1801
1802
1802
1802
1803
1803
1804
1804
1805
1805
1805
1805
1805
1806
1807
1807
1808
1808
1808
1808
1809
1809
1810
1809
1810
1810
1810
1810
1812
1811
1812
1812
1812
1812
1812
1813
1813
1814
1814
1814
1813
1815
1815
1815
1816
1815
1816
1816
1816
1817
1817
1817
1818
1818
1818
1818
1819
1819
1819
1819
1820
1820
1820
1820
1821
1821
1821
1822
1821
1822
1822
1823
1824
1823
1824
1823
1824
1824
1825
1824
1825
1825
1825
1825
1826
1826
1827
1827
1827
1827
1828
1828
1829
1828
1829
1829
1829
1829
1831
1831
1827
1831
1831
1831
1832
1832
1832
1833
1833
1833
1833
1833
1835
1835
1835
1835
1835
1835
1837
1836
1837
1837
1837
1837
1838
1838
1839
1838
1839
1839
1839
1840
1840
1840
1841
1841
1841
1841
1842
1842
1842
1842
1843
1843
1843
1843
1844
1844
1844
1845
1845
1845
1845
1846
1846
1847
1848
1847
1847
1847
1848
1848
1849
1849
1849
1849
1849
1849
1850
1850
1851
1850
1850
1851
1852
1852
1852
1853
1853
1853
1853
1853
1853
1854
1855
1854
1855
1855
1855
1856
1856
1856
1856
1856
1856
1857
1857
1857
1858
1858
1858
1858
1858
1859
1859
1859
1860
1860
1860
1860
1861
1860
1861
1861
1861
1861
1859
1862
1863
1863
1863
1864
1863
1863
1863
1864
1864
1865
1865
1865
1865
1865
1865
1866
1866
1866
1867
1867
1868
1868
1868
1868
1868
1868
1868
1869
1869
1869
1869
1870
1870
1870
1871
1870
1871
1871
1872
1872
1872
1872
1872
1872
1873
1873
1873
1873
1873
1873
1874
1874
1874
1875
1875
1875
1876
1876
1876
1876
1876
1876
1877
1877
1877
1877
1877
1878
1878
1878
1879
1880
1879
1879
1880
1879
1880
1880
1880
1881
1881
1881
1881
1881
1882
1882
1882
1882
1882
1883
1883
1882
1883
1883
1883
1883
1884
1884
1884
1885
1885
1885
1885
1885
1886
1886
1886
1886
1887
1886
1887
1888
1887
1887
1887
1888
1888
1889
1889
1889
1889
1889
1889
1890
1889
1889
1890
1889
1890
1890
1890
1890
1892
1891
1891
1892
1892
1892
1890
1892
1893
1893
1893
1893
1893
1893
1893
1893
1894
1894
1894
1895
1895
1895
1895
1895
1895
1896
1896
1895
1896
1896
1897
1896
1896
1897
1897
1897
1897
1897
1898
1898
1898
1898
1901
1899
1898
1899
1899
1898
1899
1899
1898
1900
1900
1900
1900
1900
1901
1901
1901
1901
1901
1900
1901
1901
1901
1901
1901
1901
1901
1902
1903
1902
1903
1903
1903
1903
1903
1903
1903
1902
1904
1903
1903
1904
1904
1904
1900
1904
1904
1905
1905
1905
1905
1905
1905
1905
1906
1905
1905
1905
1905
1905
1905
1905
1905
1905
1906
1906
1906
1907
1906
1907
1906
1906
1906
1906
1906
1906
1906
1907
1908
1908
1907
1908
1907
1908
1908
1908
1908
1908
1907
1908
1908
1908
1908
1908
1908
1908
1909
1908
1909
1909
1909
1908
1909
1908
1909
1909
1909
1909
1909
1909
1909
1909
1909
1909
1909
1910
1910
1909
1910
1910
1910
1909
1909
1909
1910
1909
1911
1910
1910
1910
1910
1910
1911
1911
1910
1910
1910
1910
1910
1911
1911
1910
1911
1910
1911
1911
1911
1911
1911
1911
1911
1911
1910
1911
1911
1910
1911
1911
1912
1911
1912
1911
1911
1911
1911
1911
1911
1911
1911
1911
1911
1911
1911
1911
1910
1911
1911
1911
1911
1912
1911
1911
1911
1911
1911
1911
1911
1911
1911
1910
1910
1911
1911
1911
1912
1911
1911
1911
1911
1911
1911
1911
1911
1911
1911
1910
1911
1911
1910
1911
1911
1911
1911
1910
1911
1911
1911
1910
1910
1910
1910
1910
1909
1909
1910
1909
1909
1910
1910
1909
1910
1909
1910
1910
1909
1909
1909
1909
1908
1909
1909
1909
1908
1909
1907
1909
1909
1909
1909
1909
1909
1908
1908
1908
1908
1908
1909
1908
1908
1908
1908
1908
1908
1907
1908
1908
1908
1907
1907
1907
1907
1906
1907
1907
1908
1906
1906
1906
1906
1906
1907
1906
1906
1906
1906
1905
1906
1905
1905
1905
1905
1905
1905
1905
1905
1905
1905
1905
1905
1904
1904
1904
1904
1904
1904
1903
1903
1903
1903
1903
1904
1903
1903
1902
1902
1902
1903
1902
1902
1901
1901
1901
1901
1901
1901
1901
1900
1900
1900
1900
1900
1900
1899
1900
1901
1899
1899
1899
1899
1898
1898
1898
1898
1898
1897
1898
1897
1897
1897
1897
1897
1897
1897
1896
1896
1896
1896
1895
1896
1895
1895
1895
1894
1894
1895
1894
1893
1893
1893
1893
1893
1892
1893
1892
1892
1892
1892
1891
1892
1892
1892
1891
1891
1891
1890
1890
1890
1890
1889
1889
1889
1889
1889
1888
1889
1888
1888
1888
1888
1888
1888
1887
1887
1887
1887
1886
1886
1885
1885
1885
1885
1885
1885
1885
1885
1884
1882
1884
1883
1883
1883
1883
1882
1882
1882
1881
1879
1881
1881
1881
1881
1881
1881
1880
1880
1880
1880
1880
1879
1879
1879
1878
1879
1878
1878
1877
1877
1877
1877
1877
1876
1876
1876
1875
1875
1875
1875
1874
1875
1874
1875
1874
1874
1873
1874
1873
1872
1873
1872
1872
1872
1871
1872
1871
1871
1870
1871
1870
1870
1869
1869
1869
1869
1869
1869
1869
1868
1868
1866
1867
1867
1867
1866
1866
1866
1865
1865
1865
1865
1865
1864
1864
1864
1864
1863
1863
1863
1862
1862
1862
1862
1861
1861
1861
1860
1860
1860
1860
1860
1859
1859
1858
1858
1857
1858
1857
1857
1857
1857
1857
1856
1856
1856
1856
1855
1855
1855
1854
1854
1853
1853
1853
1853
1852
1852
1852
1852
1852
1851
1850
1850
1850
1849
1849
1849
1849
1849
1848
1848
1848
1847
1847
1847
1846
1844
1845
1845
1845
1844
1844
1845
1843
1844
1843
1843
1842
1842
1842
1841
1841
1841
1841
1841
1841
1840
1839
1839
1838
1839
1837
1838
1838
1837
1837
1837
1836
1836
1836
1836
1835
1835
1835
1834
1834
1834
1833
1833
1833
1833
1832
1831
1832
1832
1831
1831
1831
1831
1831
1830
1829
1829
1829
1829
1829
1829
1828
1828
1828
1827
1827
1827
1827
1827
1826
1826
1826
1825
1825
1825
1825
1824
1823
1824
1823
1822
1821
1821
1821
1820
1820
1819
1819
1818
1818
1818
1817
1817
1817
1816
1816
1816
1815
1815
1814
1814
1814
1814
1813
1813
1812
1812
1812
1812
1811
1811
1811
1810
1809
1810
1809
1810
1809
1808
1808
1808
1807
1808
1807
1807
1807
1807
1806
1805
1805
1805
1805
1806
1804
1804
1804
1804
1803
1803
1802
1802
1801
1801
1801
1801
1800
1800
1800
1800
1800
1800
1799
1799
1799
1796
1798
1799
1797
1797
1797
1796
1796
1796
1795
1795
1795
1794
1794
1795
1794
1794
1793
1793
1793
1793
1792
1793
1791
1792
1791
1788
1790
1791
1789
1791
1789
1790
1789
1789
1788
1789
1787
1789
1787
1788
1786
1785
1786
1785
1785
1785
1784
1784
1784
1783
1783
1783
1783
1782
1782
1782
1781
1781
1781
1781
1780
1780
1780
1780
1780
1779
1779
1779
1778
1778
1777
1777
1777
1777
1776
1776
1776
1776
1775
1775
1775
1775
1774
1774
1773
1774
1773
1773
1773
1772
1772
1772
1772
1771
1771
1771
1770
1770
1769
1771
1769
1769
1769
1769
1768
1768
1768
1768
1767
1768
1767
1766
1766
1766
1766
1766
1765
1765
1764
1764
1764
1764
1764
1764
1763
1763
1763
1763
1762
1762
1762
1761
1762
1761
1761
1761
1760
1760
1760
1761
1759
1759
1759
1759
1759
1758
1758
1758
1758
1757
1757
1757
1757
1756
1756
1756
1756
1755
1755
1755
1755
1755
1754
1755
1754
1754
1753
1755
1753
1753
1752
1752
1752
1752
1751
1751
1751
1751
1751
1751
1750
1750
1750
1750
1749
1748
1748
1748
1748
1745
1747
1748
1748
1748
1747
1746
1746
1746
1746
1746
1746
1745
1745
1745
1744
1745
1744
1744
1743
1744
1743
1743
1743
1743
1743
1742
1742
1742
1742
1741
1741
1741
1740
1741
1740
1739
1740
1740
1740
1739
1739
1739
1739
1739
1738
1738
1737
1737
1737
1737
1737
1736
1737
1737
1736
1736
1736
1736
1736
1736
1736
1734
1736
1737
1735
1735
1734
1734
1734
1734
1734
1734
1733
1733
1733
1733
1733
1730
1733
1733
1732
1732
1731
1731
1731
1731
1731
1730
1730
1731
1730
1728
1730
1730
1730
1729
1729
1729
1729
1729
1729
1729
1728
1729
1728
1728
1728
1728
1727
1728
1727
1724
1726
1724
1726
1726
1726
1723
1725
1725
1725
1726
1725
1725
1724
1725
1725
1724
1724
1724
1724
1723
1723
1723
1723
1723
1722
1722
1723
1723
1722
1723
1722
1722
1722
1721
1722
1722
1721
1721
1721
1721
1721
1722
1721
1720
1721
1720
1721
1721
1720
1720
1720
1719
1719
1719
1719
1718
1719
1718
1718
1719
1718
1718
1718
1718
1718
1718
1718
1719
1718
1718
1717
1718
1717
1717
1717
1717
1717
1717
1717
1717
1717
1717
1716
1716
1716
1716
1716
1716
1715
1716
1715
1716
1715
1715
1715
1715
1715
1715
1715
1715
1715
1715
1714
1714
1714
1714
1714
1714
1714
1714
1714
1715
1714
1714
1714
1715
1714
1714
1714
1714
1714
1714
1714
1714
1714
1714
1714
1714
1714
1714
1714
1714
1714
1713
1714
1714
1713
1713
1713
1709
1713
1715
1713
1713
1713
1712
1713
1713
1714
1713
1713
1712
1713
1713
1712
1713
1712
1712
1713
1713
1712
1713
1713
1713
1713
1713
1712
1710
1713
1712
1712
1712
1713
1712
1712
1713
1712
1713
1712
1713
1713
1713
1713
1713
1712
1713
1713
1711
1712
1710
1713
1712
1713
1713
1712
1713
1713
1713
1713
1713
1712
1713
1713
1713
1713
1713
1713
1713
1713
1714
1713
1713
1713
1714
1713
1714
1714
1713
1714
1714
1714
1714
1714
1714
1713
1714
1714
1714
1714
1714
1714
1714
1714
1714
1714
1714
1714
1714
1714
1715
1715
1715
1715
1715
1714
1715
1715
1715
1715
1715
1715
1715
1715
1715
1716
1715
1715
1716
1716
1716
1716
1716
1716
1716
1716
1717
1716
1715
1716
1716
1717
1716
1717
1717
1717
1717
1717
1717
1717
1718
1718
1718
1718
1718
1718
1718
1718
1720
1718
1718
1719
1719
1719
1719
1719
1720
1720
1720
1720
1720
1720
1720
1720
1720
1720
1720
1720
1720
1721
1721
1722
1721
1722
1722
1722
1722
1722
1722
1722
1723
1722
1723
1723
1723
1723
1721
1724
1724
1724
1723
1724
1725
1724
1724
1725
1725
1725
1725
1725
1725
1725
1726
1726
1726
1726
1726
1726
1726
1727
1727
1727
1727
1727
1727
1727
1728
1728
1729
1728
1729
1729
1729
1729
1730
1730
1730
1730
1730
1730
1730
1730
1728
1730
1730
1731
1731
1732
1731
1732
1732
1732
1733
1733
1733
1733
1734
1733
1733
1734
1731
1734
1734
1735
1735
1734
1735
1735
1736
1736
1736
1736
1735
1736
1736
1736
1736
1736
1736
1736
1737
1737
1737
1738
1738
1738
1738
1738
1738
1739
1739
1739
1739
1739
1740
1739
1740
1741
1741
1741
1741
1741
1742
1742
1738
1742
1743
1742
1743
1743
1743
1744
1744
1744
1744
1744
1745
1745
1745
1745
1745
1745
1746
1746
1746
1746
1747
1747
1747
1747
1747
1747
1748
1748
1748
1749
1749
1749
1749
1749
1750
1750
1751
1751
1751
1751
1751
1752
1752
1753
1752
1753
1753
1753
1753
1753
1754
1754
1754
1754
1755
1755
1755
1755
1756
1756
1756
1757
1757
1757
1757
1757
1757
1757
1758
1758
1758
1759
1759
1759
1760
1760
1761
1761
1761
1761
1762
1761
1762
1762
1762
1762
1762
1763
1765
1764
1764
1764
1764
1765
1765
1765
1765
1766
1767
1766
1766
1767
1767
1768
1768
1768
1768
1769
1769
1769
1769
1770
1770
1770
1770
1770
1771
1771
1772
1772
1773
1772
1773
1773
1773
1774
1775
1775
1775
1775
1775
1776
1776
1776
1777
1777
1777
1777
1778
1778
1778
1779
1779
1779
1780
1780
1777
1780
1781
1781
1782
1781
1782
1782
1783
1783
1783
1783
1784
1784
1785
1785
1785
1785
1785
1785
1787
1786
1787
1787
1788
1787
1788
1788
1789
1789
1789
1789
1790
1790
1791
1791
1791
1791
1791
1792
1792
1793
1792
1793
1793
1793
1794
1794
1794
1794
1795
1794
1795
1795
1796
1796
1796
1796
1796
1796
1797
1797
1798
1797
1798
1798
1798
1798
1799
1799
1799
1800
1800
1800
1801
1801
1802
1802
1803
1803
1804
1804
1805
1805
1805
1805
1806
1806
1804
1807
1807
1808
1808
1808
1808
1809
1809
1809
1810
1810
1810
1810
1811
1811
1812
1812
1812
1812
1812
1813
1813
1813
1814
1814
