1729
1731
1732
1733
1735
1736
1737
1737
1741
1741
1741
1744
1746
1748
1749
1751
1753
1755
1757
1759
1761
1762
1764
1767
1765
1771
1773
1775
1778
1780
1783
1784
1787
1789
1792
1793
1795
1796
1798
1801
1805
1807
1810
1812
1814
1816
1818
1820
1823
1824
1826
1828
1830
1833
1835
1837
1840
1841
1843
1846
1848
1850
1852
1854
1856
1857
1859
1861
1863
1864
1867
1868
1870
1872
1874
1875
1879
1879
1880
1882
1883
1885
1887
1888
1889
1891
1893
1893
1895
1896
1897
1898
1899
1900
1901
1902
1904
1904
1905
1906
1908
1908
1907
1908
1908
1909
1910
1909
1911
1910
1911
1910
1911
1911
1911
1911
1911
1910
1911
1911
1911
1910
1910
1909
1909
1908
1907
1907
1906
1905
1905
1903
1903
1901
1901
1900
1899
1897
1896
1895
1893
1892
1890
1889
1887
1885
1884
1882
1881
1879
1877
1876
1874
1872
1871
1869
1867
1865
1863
1861
1859
1857
1855
1852
1850
1848
1846
1843
1841
1839
1836
1834
1832
1830
1828
1826
1821
1820
1817
1814
1812
1810
1807
1805
1803
1801
1797
1796
1794
1792
1790
1788
1786
1783
1782
1779
1777
1775
1773
1771
