2867
2936
2971
2969
2934
2866
2771
2645
2501
2347
2190
2038
1899
1779
1687
1622
1593
1601
1641
1713
1815
1946
2095
2253
2412
2562
2698
2811
2899
2955
2975
2959
2911
2829
2721
2589
2438
2282
2126
1978
1847
1737
1657
1607
1593
1614
1666
1750
1867
2005
2160
2319
2474
2620
2747
2851
2926
2967
2972
2943
2881
2789
2668
2529
2375
2218
2064
1922
1798
1701
1633
1597
1597
1632
1698
1792
1921
2067
2225
2382
2535
2675
2793
2885
2948
2974
2963
2921
2846
2743
2613
2466
2310
2154
2003
1869
1756
1669
1614
1593
1608
1654
1734
1844
1979
2132
2290
2446
2594
2726
2834
2915
2963
2974
2950
2894
2807
2691
2555
2402
2246
2092
1946
1819
1717
1642
1600
1595
1625
1683
1773
1897
2040
2197
2355
2509
2652
2773
2872
2938
2972
2968
2932
2862
2765
2637
2493
2338
2182
2030
1892
1773
1682
1621
1593
1602
1644
1718
1821
1953
2104
2261
2420
2569
2704
2817
2903
2957
2975
2957
2907
2824
2713
2580
2430
2274
2118
1971
1841
1732
1653
1604
1594
1616
1671
1756
1874
2014
2169
2327
2483
2628
2753
2856
2929
2968
2971
2940
2877
2783
2661
2520
2366
2209
2054
1915
1793
1697
1629
1596
1599
1634
1702
1799
1928
2077
2233
2391
2544
2682
2799
2889
2950
2973
2962
2918
2841
2736
2606
2458
2302
2146
1996
1862
1749
1665
1612
1592
1609
1658
1739
1851
1987
2140
2299
2455
2603
2733
2840
2918
2964
2973
2948
2890
2802
2685
2547
2394
2237
2083
1939
1813
1712
1638
1601
1596
1626
1688
1778
1904
2049
2205
2363
2517
2659
2780
2875
2941
2973
2966
2929
2857
2758
2631
2485
2330
2173
2022
1885
1768
1678
1619
1594
1604
1647
1723
1828
1961
2113
2270
2426
2577
2711
2823
2906
2959
2975
2954
2904
2819
2707
2573
2422
2265
2110
1964
1833
1729
1650
1604
1594
1617
1674
1761
1883
2021
2177
2335
2490
2635
2760
2861
2933
2970
2970
2937
2873
2778
2654
2512
2358
2200
2048
1908
1787
1692
1627
1595
1600
1637
1707
1805
1936
2084
2242
2400
2551
2689
2804
2894
2948
2974
2961
2915
2836
2729
2598
2449
2293
2137
1989
1855
1744
1661
1610
1593
1611
1661
1744
1857
1995
2148
2307
2463
2610
2739
2845
2921
2965
2973
2946
2886
2796
2677
2539
2385
2228
2075
1932
1807
1707
1636
1598
1597
1628
1692
1785
1912
2057
2213
2372
2526
2666
2785
2880
2945
2973
2965
2926
2853
2751
2623
2477
2321
2162
2015
1878
1762
1674
1616
1593
1606
1650
1728
1835
1969
2120
2279
2433
2585
2717
2828
2911
2960
2975
2953
2900
2813
2697
2565
2413
2257
2102
1956
1827
1723
1647
1602
1594
1620
1678
1766
1887
2029
2185
2343
2498
2641
2766
2865
2935
2971
2969
2935
2868
2773
2647
2504
2349
2192
2040
1900
1781
1687
1624
1594
1601
1639
1712
1812
1942
2093
2250
2408
2559
2696
2810
2897
2953
2974
2959
2912
2831
2722
2591
2440
2285
2128
1981
1849
1739
1658
1607
1593
1613
1665
1749
1864
2001
2157
2316
2471
2618
2745
2849
2925
2967
2972
2944
2883
2791
2671
2530
2377
2220
2067
1924
1801
1702
1633
1597
1597
1631
1696
1789
1920
2065
2223
2381
2533
