1880
1883
1884
1887
1888
1890
1892
1894
1896
1897
1898
1900
1901
1903
1904
1905
1906
1906
1907
1908
1909
1909
1909
1910
1911
1911
1911
1911
1911
1911
1911
1911
1910
1910
1909
1908
1908
1906
1905
1904
1904
1902
1901
1899
1897
1896
1894
1892
1891
1888
1887
1885
1882
1880
1878
1875
1874
1871
1868
1866
1863
1860
1857
1855
1852
1849
1845
1843
1840
1837
1834
1831
1828
1826
1822
1817
1814
1811
1807
1805
1802
1799
1796
1793
1788
1787
1784
1781
1778
1776
1775
1770
1768
1765
1762
1761
1758
1756
1754
1751
