1783
1781
1778
1776
1774
1773
1768
1768
1767
1765
1762
1761
1759
1757
1756
1754
1753
1750
1748
1747
1745
1744
1742
1740
1738
1737
1736
1735
1734
1732
1731
1730
1728
1727
1726
1725
1723
1723
1722
1720
1720
1718
1718
1717
1716
1716
1715
1715
1714
1714
1713
1713
1713
1712
1713
1713
1713
1712
1713
1713
1713
1713
1713
1714
1714
1714
1716
1716
1716
1717
1717
1717
1719
1720
1721
1722
1723
1723
1727
1726
1728
1729
1730
1731
1732
1734
1736
1736
1736
1739
1741
1742
1744
1745
1748
1749
1751
1752
1754
1756
