2551
2550
2552
2552
2553
2554
2554
2556
2557
2557
2557
2558
2559
2560
2561
2561
2562
2564
2564
2565
2566
2566
2567
2568
2569
2570
2570
2570
2572
2573
2574
2574
2577
2575
2576
2577
2578
2579
2579
2579
2580
2581
2581
2583
2582
2584
2585
2586
2586
2587
2587
2589
2589
2590
2590
2591
2591
2592
2593
2593
2593
2594
2597
2596
2597
2597
2597
2599
2600
2600
2600
2601
2601
2602
2603
2603
2605
2604
2605
2606
2607
2607
2607
2609
2609
2610
2611
2611
2611
2612
2613
2613
2613
2614
2615
2615
2615
2617
2618
2618
2619
2620
2621
2621
2621
2621
2622
2623
2623
2623
2625
2624
2627
2626
2627
2626
2627
2628
2629
2629
2629
2630
2630
2632
2632
2632
2632
2632
2634
2634
2636
2635
2635
2635
2636
2638
2638
2637
2638
2638
2639
2639
2642
2641
2641
2641
2642
2642
2642
2643
2644
2644
2645
2644
2644
2644
2645
2647
2647
2647
2647
2646
2648
2648
2648
2648
2648
2649
2650
2650
2650
2649
2651
2650
2652
2652
2651
2651
2652
2653
2653
2653
2653
2653
2652
2653
2655
2654
2653
2653
2655
2654
2654
2655
2655
2654
2656
2657
2656
2655
2656
2655
2657
2657
2656
2656
2656
2656
2657
2655
2654
2656
2657
2658
2658
2657
2656
2657
2657
2657
2657
2657
2657
2657
2657
2655
2656
2656
2657
2657
2657
2657
2657
2657
2656
2657
2657
2657
2656
2656
2656
2656
2656
2655
2655
2655
2657
2657
2655
2655
2655
2655
2655
2655
2654
2654
2655
2654
2653
2652
2653
2653
2653
2653
2653
2653
2653
2651
2653
2651
2651
2650
2650
2651
2650
2649
2650
2649
2646
2649
2649
2648
2648
2647
2647
2647
2647
2647
2646
2646
2646
2645
2645
2643
2645
2643
2642
2642
2643
2641
2642
2641
2641
2641
2640
2639
2640
2639
2639
2637
2637
2637
2637
2636
2636
2635
2634
2634
2634
2633
2632
2632
2631
2631
2631
2630
2630
2628
2630
2627
2627
2627
2625
2626
2625
2625
2625
2624
2623
2623
2622
2621
2621
2620
2620
2619
2619
2617
2617
2617
2616
2616
2615
2614
2613
2613
2612
2612
2612
2610
2609
2609
2609
2609
2605
2608
2606
2605
2605
2605
2603
2603
2602
2601
2601
2601
2600
2599
2598
2597
2598
2597
2596
2595
2594
2593
2593
2592
2591
2590
2591
2589
2585
2589
2588
2586
2587
2585
2585
2585
2583
2583
2582
2581
2580
2580
2578
2578
2577
2577
2575
2575
2575
2573
2573
2571
2570
2569
2569
2568
2568
2566
2566
2565
2564
2562
2561
2561
2560
2559
2559
2557
2557
2556
2556
2554
2553
2553
2552
2551
2550
2549
2548
2547
2547
2546
2546
2545
2544
2543
2543
2542
2541
2541
2540
2539
2538
2537
2537
2536
2536
2535
2537
2534
2534
2532
2531
2529
2528
2525
2525
2523
2525
2521
2520
2519
2518
2517
2516
2515
2515
2513
2513
2512
2511
2511
2508
2509
2509
2508
2507
2506
2506
2505
2504
2503
2503
2502
2501
2500
2500
2499
2499
2497
2498
2495
2495
2495
2493
2492
2493
2491
2491
2489
2489
2488
2487
2485
2488
2485
2484
2483
2482
2482
2481
2480
2479
2479
2477
2477
2476
2475
2475
2474
2473
2473
2469
2470
2469
2468
2468
2467
2465
2466
2465
2465
2464
2464
2463
2461
2461
2460
2460
2459
2458
2457
2457
2456
2455
2455
2454
2453
2452
2453
2451
2451
2450
2448
2448
2448
2446
2447
2446
2445
2444
2444
2443
2443
2442
2441
2441
2439
2440
2438
2438
2437
2437
2435
2436
2434
2435
2434
2433
2433
2433
2431
2432
2431
2429
2429
2429
2428
2428
2426
2426
2425
2425
2424
2423
2422
2423
2422
2421
2420
2421
2420
2419
2418
2417
2418
2417
2415
2415
2415
2415
2413
2413
2413
2412
2412
2412
2410
2410
2410
2408
2409
2408
2407
2406
2406
2406
2406
2404
2404
2404
2405
2404
2403
2402
2401
2402
2401
2401
2400
2399
2399
2399
2399
2395
2397
2398
2396
2397
2397
2397
2395
2395
2395
2395
2394
2393
2393
2393
2393
2391
2392
2391
2391
2392
2391
2391
2390
2389
2389
2389
2389
2389
2389
2388
2387
2388
2387
2387
2387
2387
2387
2387
2386
2387
2385
2385
2386
2384
2385
2386
2384
2384
2384
2384
2383
2383
2382
2384
2384
2383
2383
2384
2382
2383
2383
2381
2383
2381
2383
2382
2381
2381
2381
2381
2382
2383
2381
2382
2381
2381
2382
2381
2381
2381
2380
2381
2381
2381
2381
2380
2381
2379
2381
2381
2382
2381
2380
2381
2381
2382
2381
2382
2381
2381
2381
2383
2381
2383
2382
2381
2382
2381
2382
2383
2383
2384
2383
2382
2383
2384
2384
2384
2384
2384
2384
2385
2384
2385
2385
2385
2386
2385
2385
2385
2386
2387
2387
2386
2387
2387
2388
2388
2389
2389
2388
2389
2389
2386
2390
2391
2389
2391
2392
2392
2392
2391
2392
2394
2394
2394
2394
2395
2394
2396
2396
2395
2396
2397
2397
2398
2399
2399
2399
2399
2400
2401
2401
2402
2401
2403
2403
2404
2403
2402
2405
2406
2406
2406
2408
2407
2408
2408
2409
2409
2410
2411
2411
2413
2412
2412
2413
2414
2415
2415
2416
2417
2417
2417
2419
2419
2419
2420
2421
2421
2422
2423
2423
2424
2425
2424
2425
2427
2426
2427
2428
2429
2429
2429
2431
2431
2432
2433
2433
2433
2434
2436
2435
2436
2437
2438
2437
2439
2440
2440
2440
2441
2442
2443
2444
2445
2444
2445
2447
2447
2447
2448
2449
2450
2452
2451
2453
2453
2454
2455
2456
2457
2457
2458
2459
2459
2460
2462
2462
2463
2463
2465
2465
2466
2467
2467
2469
2469
2469
2471
2472
2473
2473
2476
2475
2476
2477
2478
2479
2480
2481
2481
2483
2483
2484
2485
2485
2486
2488
2488
2489
2490
2491
2492
2492
2493
2493
2494
2495
2495
2497
2497
2497
2498
2499
2500
2500
2501
2501
2502
2502
2504
2504
2507
2508
2510
2512
2513
2514
2515
2516
2516
2518
2519
2521
2521
2521
2523
2524
2525
2525
