2259
2259
2259
2260
2259
2260
2259
2260
2260
2260
2260
2260
2260
2260
2261
2260
2261
2260
2261
2261
2262
2261
2262
2261
2258
2262
2262
2262
2263
2262
2263
2263
2263
2263
2261
2263
2264
2263
2264
2263
2264
2264
2263
2265
2265
2265
2265
2265
2265
2265
2265
2265
2265
2265
2265
2266
2266
2266
2266
2266
2267
2267
2267
2267
2267
2268
2269
2268
2268
2268
2268
2268
2269
2269
2269
2269
2269
2269
2269
2269
2270
2270
2271
2270
2271
2270
2271
2271
2271
2271
2271
2272
2272
2272
2273
2272
2273
2273
2273
2273
2269
2273
2273
2274
2274
2274
2275
2274
2275
2275
2275
2275
2276
2276
2276
2276
2276
2276
2277
2276
2277
2277
2277
2277
2278
2278
2278
2278
2278
2278
2279
2279
2279
2279
2279
2279
2280
2280
2281
2280
2280
2280
2280
2280
2280
2281
2281
2281
2282
2282
2283
2283
2284
2284
2284
2284
2283
2284
2285
2285
2285
2285
2285
2285
2285
2286
2288
2286
2286
2286
2287
2287
2287
2287
2287
2287
2288
2288
2288
2288
2288
2289
2289
2289
2289
2289
2289
2289
2289
2289
2290
2290
2291
2290
2290
2291
2291
2291
2292
2291
2292
2291
2292
2292
2292
2293
2293
2293
2293
2293
2293
2293
2294
2294
2292
2294
2294
2295
2295
2295
2295
2295
2296
2295
2295
2296
2296
2296
2297
2296
2298
2297
2297
2297
2297
2297
2298
2297
2298
2298
2298
2298
2299
2298
2298
2298
2300
2299
2297
2300
2300
2300
2300
2300
2300
2300
2300
2300
2301
2301
2301
2301
2301
2301
2301
2301
2302
2301
2302
2302
2302
2303
2303
2303
2303
2303
2304
2303
2304
2304
2304
2304
2304
2304
2304
2305
2305
2304
2305
2305
2306
2305
2305
2305
2305
2305
2303
2305
2306
2305
2306
2306
2306
2306
2306
2306
2306
2307
2306
2307
2307
2307
2307
2308
2307
2308
2308
2308
2309
2308
2308
2308
2305
2308
2309
2308
2309
2308
2308
2309
2309
2309
2309
2309
2309
2309
2312
2309
2311
2309
2306
2309
2311
2309
2310
2310
2310
2309
2311
2311
2310
2311
2310
2311
2311
2311
2311
2311
2312
2311
2311
2311
2311
2311
2312
2311
2311
2311
2311
2311
2311
2311
2311
2311
2311
2312
2311
2311
2311
2311
2311
2311
2312
2311
2311
2311
2312
2311
2312
2312
2312
2312
2311
2311
2312
2311
2312
2312
2312
2311
2311
2312
2312
2311
2312
2312
2312
2311
2311
2312
2312
2312
2311
2311
2311
2311
2312
2311
2311
2311
2311
2311
2312
2311
2311
2311
2308
2311
2311
2311
2310
2311
2311
2311
2311
2311
2311
2311
2311
2310
2310
2310
2311
2310
2311
2310
2310
2310
2307
2311
2311
2310
2309
2310
2309
2309
2309
2309
2309
2309
2309
2309
2309
2309
2309
2308
2309
2309
2308
2308
2308
2308
2308
2308
2308
2308
2308
2308
2308
2307
2307
2307
2309
2307
2307
2307
2307
2306
2309
2306
2306
2306
2306
2306
2306
2306
2305
2305
2304
2305
2307
2305
2305
2305
2305
2304
2305
2304
2305
2305
2304
2303
2304
2304
2304
2304
2303
2304
2302
2303
2303
2303
2303
2302
2303
2302
2303
2302
2302
2302
2303
2301
2301
2301
2301
2301
2301
2300
2300
2301
2301
2300
2300
2300
2301
2299
2300
2299
2299
2299
