2884
3221
3530
3804
4033
4095
4095
4095
4095
4095
4095
3926
3672
3379
3056
2716
2367
2023
1699
1404
1148
939
789
698
668
703
803
970
1193
1466
1775
2109
2459
2812
3153
3469
3751
3990
4095
4095
4095
4095
4095
4095
3972
3724
3437
3119
2781
2433
2088
1758
1457
1192
974
812
710
670
691
780
932
1148
1413
1718
2047
2395
2749
3093
3412
3708
3955
4095
4095
4095
4095
4095
4095
4006
3772
3489
3179
2842
2497
2148
1816
1507
1236
1009
837
724
671
682
760
899
1105
1362
1660
1985
2330
2684
3031
3357
3651
3907
4095
4095
4095
4095
4095
4095
4046
3820
3546
3239
2909
2561
2215
1876
1564
1285
1049
865
741
677
675
741
865
1064
1311
1602
1923
2265
2618
2975
3306
3605
3869
4083
4095
4095
4095
4095
4095
4080
3860
3598
3295
2968
2623
2275
1935
1618
1332
1087
894
758
684
670
725
838
1025
1262
1547
1863
2202
2555
2905
3241
3547
3819
4045
4095
4095
4095
4095
4095
4095
3909
3652
3357
3033
2690
2342
1999
1676
1384
1130
926
779
692
668
709
814
986
1216
1491
1803
2145
2497
2848
3188
3499
3778
4011
4095
4095
4095
4095
4095
4095
3948
3700
3410
3090
2751
2402
2058
1731
1432
1171
958
800
704
668
697
791
950
1169
1437
1743
2075
2423
2777
3120
3440
3724
3968
4095
4095
4095
4095
4095
4095
3990
3752
3468
3150
2817
2469
2122
1792
1487
1218
991
821
717
670
686
770
914
1125
1391
1692
2020
2367
2721
3065
3389
3680
3932
4095
4095
4095
4095
4095
4095
4028
3797
3520
3210
2877
2530
2182
1847
1538
1261
1027
850
732
674
678
750
881
1083
1334
1628
1951
2295
2649
2997
3327
3627
3887
4095
4095
4095
4095
4095
4095
4066
3846
3576
3272
2943
2598
2248
1911
1592
1307
1067
879
749
680
672
731
851
1046
1289
1578
1896
2237
2591
2941
3273
3578
3844
4064
4095
4095
4095
4095
4095
4095
3888
3626
3327
3002
2658
2308
1965
1648
1357
1108
909
768
688
669
715
825
1003
1237
1518
1830
2168
2519
2875
3212
3523
3798
4027
4095
4095
4095
4095
4095
4095
3932
3679
3386
3065
2725
2369
2026
1703
1408
1150
941
789
698
667
704
803
971
1195
1470
1777
2112
2461
2813
3155
3471
3753
3991
4095
4095
4095
4095
4095
4095
3971
3727
3441
3124
2782
2433
2088
1759
1459
1193
974
812
710
669
691
777
931
1146
1410
1714
2046
2393
2747
3092
3415
3702
3949
4095
4095
4095
4095
4095
4095
4011
3776
3495
3181
2845
2497
2151
1817
1512
1237
1011
834
722
671
683
760
900
1107
1365
1662
1986
2332
2686
3031
3360
3654
3909
4095
4095
4095
4095
4095
4095
4046
3822
3545
3239
2906
2560
2212
1876
1566
1285
1048
864
740
677
675
740
863
1062
1310
1602
1921
2265
2617
2967
3298
3601
3864
4079
4095
4095
4095
4095
4095
4085
3864
3599
3297
2969
2625
2276
1936
1620
1329
1086
892
757
683
671
725
838
1026
1265
1549
1864
2204
2556
2907
3242
3550
3822
4046
4095
4095
4095
4095
4095
4095
3908
3651
3351
3031
2689
2340
1997
1675
1383
1130
925
779
693
669
709
814
987
1215
1489
1802
2139
2489
2839
3182
3493
3773
4009
4095
4095
4095
4095
4095
4095
3951
3700
3412
3093
2754
2404
2052
1727
1429
1168
956
799
702
669
696
792
952
1171
1440
1746
2078
2427
2780
3123
3441
3727
3970
4095
4095
4095
4095
4095
4095
3990
3750
3468
3152
2817
2468
2121
1790
1488
1217
993
826
716
670
686
770
915
1125
1386
1686
2014
2359
2713
3059
3385
3676
3928
4095
4095
4095
4095
4095
4095
4028
3798
3521
3213
2873
2525
2177
1842
1534
1259
1027
849
731
673
679
751
882
1085
1337
1632
1954
2299
2652
2999
3328
3628
3887
4095
4095
4095
4095
4095
4095
4065
3844
3575
3272
2939
2597
2247
1908
1594
1312
1070
879
748
680
673
733
849
1043
1285
1573
1890
2231
2584
2934
3268
3573
3841
4064
4095
4095
4095
4095
4095
4095
3889
3622
3323
2997
2653
2304
1964
1644
1356
1107
908
766
688
669
717
825
1006
1238
1518
1833
2170
2521
2872
3210
3521
3798
4028
4095
4095
4095
4095
4095
4095
3931
3678
3386
3065
2724
2376
2031
1707
1408
1151
942
789
697
668
702
801
966
1189
1463
1771
2104
2454
2806
3147
3469
3752
3989
4095
4095
4095
4095
4095
4095
3967
3723
3436
3119
2780
2431
2085
1757
1456
1193
974
811
709
669
692
781
933
1147
1412
1715
2045
2392
2746
3092
3413
3703
3950
4095
4095
4095
4095
4095
4095
4011
3776
3496
3185
2850
2503
2151
1817
1511
1240
1011
837
723
672
681
759
897
1103
1358
1656
1981
2325
2684
3030
3356
3651
3908
4095
4095
4095
4095
4095
4095
4046
3824
3551
3244
2914
2561
2213
1876
1565
1285
1049
865
738
677
675
740
864
1061
1307
1599
1919
2265
2618
2966
3297
3600
3865
4080
4095
4095
4095
4095
4095
4084
3870
3603
3303
2969
2621
2276
1936
1619
1333
1089
894
758
683
671
723
837
1022
1260
1544
1861
2202
2553
2904
3239
3547
3819
4044
4095
4095
4095
4095
4095
4095
3907
3650
3353
3030
2687
2339
1996
1674
1382
1129
925
778
692
669
708
814
986
1213
1491
1803
2138
2489
2841
3180
3493
3772
4008
4095
4095
4095
4095
4095
4095
3954
3701
3411
3092
2753
2403
2058
1732
1434
1173
960
801
705
668
696
790
949
1169
1438
1743
2076
2425
2778
3120
3439
3729
3972
4095
4095
4095
4095
4095
4095
3988
3750
3466
3152
2815
2466
2120
1788
1485
1216
994
825
718
670
686
769
914
1125
1385
1686
2013
2360
2711
3058
3382
3675
3927
