1721
3249
1323
2837
2365
1603
3282
1377
2724
2496
1513
3298
1443
2605
2621
1434
3297
1526
2476
2741
1368
3276
1619
2344
2855
1315
3244
1726
2215
2957
1281
3192
1841
2081
3051
1263
3123
1962
1952
3129
1263
3044
2093
1831
3197
1284
2950
2221
1716
3247
1320
2847
2354
1610
3280
1372
2733
2488
1517
3297
1440
2609
2615
1437
3297
1522
2480
2736
1370
3277
1615
2351
2851
1316
3245
1720
2219
2954
1282
3193
1836
2090
3047
1264
3129
1957
1959
3126
1263
3048
2084
1839
3192
1283
2956
2215
1721
3244
1318
2851
2350
1617
3279
1369
2737
2482
1523
3297
1436
2617
2609
1441
3298
1518
2488
2729
1373
3279
1610
2357
2845
1319
3247
1715
2227
2949
1283
3196
1829
2093
3041
1264
3132
1953
1965
3123
1262
3051
2082
1841
3190
1282
2959
2215
1722
3243
1317
2853
2344
1618
3279
1369
2739
2479
1521
3297
1438
2613
2611
1440
3297
1519
2485
2732
1372
3279
1616
2353
2848
1317
3244
1720
2218
2953
1282
3193
1836
2088
3045
1264
3128
1956
1960
3125
1262
3048
2085
1834
3193
1283
2956
2218
1720
3245
1319
2851
2351
1614
3279
1371
2737
2484
1521
3297
1438
2613
2612
1440
3297
1519
2486
2734
1371
3278
1612
2355
2848
1319
3246
1717
2223
2952
1283
3196
1831
2090
3045
1264
3129
1954
1961
3124
1263
3050
2084
1838
3191
1283
2957
2213
1725
3243
1316
2853
2348
1616
3278
1368
2740
2478
1522
3297
1435
2617
2610
1442
3297
1514
2491
2729
1376
3279
1607
2360
2845
1320
3247
1714
2227
2947
1284
3197
1828
2097
3042
1265
3133
1951
1966
3122
1262
3054
2080
1844
3189
1281
2959
2211
1727
3242
1316
2857
2342
1621
3278
1368
2742
2475
1525
3297
1434
2620
2604
1443
3298
1515
2494
2726
1375
3280
1609
2361
2845
1320
3247
1715
2227
2947
1284
3197
1825
2095
3040
1265
3133
1951
1967
3123
1262
3053
2081
1841
3189
1282
2959
2209
1727
3241
1315
2857
2341
1622
3277
1366
2745
2473
1526
3296
1434
2621
2600
1443
3298
1515
2491
2729
1376
3279
1609
2361
2841
1320
3247
1713
2229
2946
1284
3198
1824
2098
3040
1264
3134
1947
1970
3120
1261
3055
2078
1846
3188
1281
2962
2211
1729
3241
1315
2858
2342
1621
3277
1365
2743
2473
1525
3296
1434
2622
2603
1444
3299
1515
2495
2727
1374
3280
1608
2361
2841
1321
3245
1714
2228
2946
1284
3199
1826
2096
3040
1265
3133
1949
1969
3121
1262
3054
2074
1845
3188
1281
2965
2207
1731
3241
1314
2861
2341
1624
3277
1365
2746
2472
1528
3296
1429
2626
2598
1445
3299
1512
2498
2722
1376
3280
1606
2365
2840
1321
3249
1709
2230
2945
1286
3199
1824
2098
3040
1265
3132
1946
1969
3119
1261
3055
2075
1845
3189
1281
2962
2210
1729
3241
1315
2857
2341
1622
3277
1366
2745
2474
1527
3296
1432
2622
2601
1444
3299
1514
2494
2725
1375
3280
1608
2363
2839
1322
3248
1710
2231
2945
1285
3199
1824
2097
3039
1264
3135
1945
1969
3121
1261
3054
2077
1843
3188
1282
2961
2208
1727
3241
1315
2860
2341
1622
3277
1366
2743
2472
1527
3296
1433
2621
2602
1443
3299
1514
2493
2727
1374
3280
