2336
2339
2343
2345
2348
2349
2354
2356
2359
2363
2365
2369
2372
2375
2378
2381
2385
2389
2393
2397
2399
2403
2407
2411
2415
2420
2426
2428
2433
2437
2442
2446
2451
2456
2461
2465
2470
2474
2479
2482
2486
2489
2497
2504
2510
2515
2521
2525
2530
2534
2539
2543
2548
2552
2556
2561
2565
2570
2575
2579
2582
2588
2592
2596
2600
2605
2608
2611
2616
2619
2624
2627
2630
2633
2637
2641
2644
2649
2652
2656
2660
2663
2664
2668
2672
2674
2678
2681
2683
2687
2689
2690
2694
2696
2698
2700
2703
2705
2707
2709
2711
2712
2713
2715
2718
2718
2719
2719
2721
2721
2722
2722
2722
2724
2724
2723
2724
2723
2723
2723
2722
2722
2722
2721
2719
2719
2719
2716
2715
2714
2713
2711
2710
2708
2706
2704
2702
2701
2697
2696
2692
2690
2687
2685
2681
2678
2676
2672
2669
2665
2663
2660
2656
2653
2649
2645
2642
2639
2635
2631
2627
2624
2619
2615
2610
2607
2602
2598
2593
2589
2584
2579
2575
2569
2565
2561
2557
2553
2550
2546
2538
2532
2526
2521
2516
2511
2508
2503
2497
2494
2491
2486
2482
2476
2472
2468
2463
2459
2454
2451
2445
2442
2438
2434
2430
2426
2423
2418
2413
2411
2408
2404
2401
2397
2393
2389
2386
2383
2379
2377
2373
2371
2367
2364
2361
2356
2356
2352
2350
2347
2346
2343
2341
2338
2335
2333
2331
2331
2328
2327
2325
2324
2323
2322
2320
2320
2318
2317
2317
2316
2316
2314
2315
2314
2315
2314
2314
2315
2315
2315
2316
2316
2316
2318
2319
2320
2320
2321
2322
2324
2327
2328
2330
2331
2333
2335
2338
2340
2343
2345
2346
2351
2353
2356
2360
2362
2367
2369
2372
2376
2379
2382
2386
2389
2393
2397
2401
2404
2408
2412
2416
2420
2425
2429
2434
2439
2443
2448
2452
2457
2462
2466
2471
2475
2479
2483
2487
2491
2499
2505
2511
2516
2521
2526
2531
2535
2540
2544
2548
2553
2557
2561
2565
2571
2575
2579
2584
2589
2592
2597
2601
2605
2609
2613
2616
2619
2624
2627
2631
2635
2639
2641
2645
2649
2652
2656
2659
2662
2662
2670
2672
2674
2678
2682
2685
2687
2689
2692
2695
2697
2699
2701
2704
2705
2706
2709
2711
2713
2714
2715
2717
2717
2718
2721
2720
2721
2722
2721
2722
2722
2724
2723
2724
2722
2723
2723
2723
2721
2721
2721
2720
2719
2717
2717
2716
2714
2712
2711
2709
2706
2706
2703
2702
2699
2697
2695
2693
2689
2686
2684
2682
2677
2674
2673
2669
2665
2662
2659
2655
2652
2649
2645
2641
2637
2634
2629
2627
2623
2620
2614
2609
2605
2597
2596
2590
2588
2583
2577
2573
2568
2564
2560
2556
2552
2549
2545
2537
2530
2525
2520
2515
2511
2506
2502
2497
2494
2489
2484
2481
2476
2472
2466
2459
2458
2454
2449
2444
2441
2437
2433
2429
2425
2421
2418
2414
2410
2407
2404
2399
2397
2393
2389
2386
2382
2379
2375
2372
2369
2367
2363
2361
2357
2354
2352
2348
2347
2344
2341
2339
2337
2336
2333
2332
2329
2328
2326
2325
2323
2323
2321
2322
2318
2318
2317
2317
2316
2315
2315
2314
2314
2316
2314
2315
2314
2315
2314
2317
2315
2317
2318
2320
2318
2320
2322
2322
2325
2326
2328
2329
2332
