1883
1881
1880
1878
1876
1874
1872
1871
1869
1868
1866
1863
1861
1859
1857
1855
1853
1851
1848
1846
1844
1841
1839
1837
1835
1832
1831
1829
1827
1825
1822
1818
1815
1812
1810
1808
1806
1803
1801
1799
1797
1795
1793
1791
1789
1786
1785
1781
1780
1777
1776
1773
1771
1769
1767
1766
1763
1762
1760
1758
1757
1754
1753
1751
1750
1748
1746
1744
1743
1741
1740
1738
1736
1736
1734
1733
1732
1730
1729
1728
1727
1725
1724
1723
1722
1721
1720
1720
1719
1718
1717
1716
1715
1715
1715
1714
1714
1714
1713
1714
1713
1713
1713
1714
1713
1712
1713
1713
1713
1714
1714
1714
1715
1715
1716
1717
1717
1718
1718
1719
1720
1722
1721
1723
1725
1726
1727
1728
1728
1730
1732
1733
1735
1736
1737
1738
1740
1741
1743
1744
1746
1748
1750
1751
1753
1755
1757
1759
1761
1762
1765
1767
1769
1771
1773
1776
1778
1780
1783
1785
1787
1789
1791
1793
1795
1796
1799
1801
1805
1807
1810
1812
1814
1816
1818
1821
1823
1824
1826
1828
1831
1833
1835
1837
1839
1841
1844
1845
1848
1850
1852
1854
1856
1857
1859
1861
1863
1865
1866
1869
1870
1872
1871
1875
1877
1878
1881
1881
1883
1885
1887
1888
1889
1890
1890
1893
1895
1896
1897
1898
1899
1900
1901
1903
1904
1904
1905
1905
1907
1906
1908
1907
1908
1909
1910
1910
1911
1911
1910
1911
1911
1911
1912
1911
1911
1911
1911
1910
1911
1909
1911
1909
1909
1908
1908
1907
1907
1905
1904
1904
1903
1901
1900
1899
1898
1897
1896
1894
1893
1892
1890
1889
1888
1886
1885
1883
1881
1879
1877
1876
1874
1872
1871
1869
1867
1865
1863
1861
1859
1857
1855
1852
1850
1848
1845
1843
1841
1838
1836
1834
1830
1830
1828
1826
1824
1820
1817
1814
1812
1809
1808
1805
1803
1801
1798
1796
1794
1792
1789
1788
1785
1783
1780
1779
1777
1775
1773
1771
1769
1767
1765
1762
1761
1760
1758
1756
1754
1753
1751
1749
1747
1746
1744
1742
1741
1738
1738
1736
1736
1734
1733
1731
1730
1729
1728
1726
1725
1724
1721
1722
1721
1720
1719
1718
1717
1717
1716
1716
1716
1714
1714
1714
1713
1713
1713
1713
1713
1713
1712
1713
1713
1714
1713
1714
1714
1714
1714
1714
1715
1716
1717
1717
1718
1719
1720
1720
1722
1722
1724
1725
1726
1727
1728
1730
1731
1732
1734
1735
1736
1737
1739
1741
1741
1744
1745
1747
1748
1750
1752
1754
1756
1757
1760
1761
1763
1765
1768
1769
1772
1774
1777
1778
1781
1783
1785
1788
1790
1792
1794
1796
1797
1799
1803
1806
1810
1811
1813
1815
1817
1819
