1812
1814
1816
1818
1820
1822
1824
1826
1828
1830
1832
1834
1837
1839
1841
1843
1845
1848
1851
1851
1853
1855
1857
1859
1861
1863
1864
1866
1868
1870
1872
1873
1875
1877
1878
1880
1882
1883
1885
1886
1889
1889
1891
1892
1893
1894
1896
1897
1898
1899
1900
1901
1902
1904
1905
1904
1906
1906
1905
1907
1908
1909
1909
1909
1909
1911
1910
1911
1912
1911
1911
1911
1911
1911
1911
1911
1911
1910
1910
1909
1907
1909
1909
1908
1907
1906
1905
1905
1904
1903
1902
1901
1899
1898
1897
1896
1894
1894
1892
1890
1889
1887
1886
1885
1884
1881
1881
1877
1877
1874
1873
1871
1869
1867
1865
1864
1861
1859
1857
1855
1853
1850
1849
1846
1843
1841
1839
1837
1835
1832
1830
1828
1826
1824
1821
1817
1815
1812
1809
1808
1805
1803
1801
1799
1796
1794
1793
1790
1788
1785
1784
1781
1779
1777
1775
1773
1771
1769
1767
1765
1764
1761
1760
1758
1756
1754
1753
1751
1749
1748
1743
1744
1742
1741
1739
1737
1736
1736
1733
1733
1731
1730
1729
1727
1726
1725
1723
1723
1722
1721
1720
1719
1718
1717
1717
1716
1716
1715
1715
1713
1714
1713
1714
1713
1713
1712
1713
1713
1713
1712
1713
1714
1713
1714
1714
1714
1715
1716
1716
1716
1717
1718
1719
1719
1721
1721
1722
1723
1725
1726
1727
1729
1730
1731
1732
1734
1735
1736
1737
1738
1741
1741
1744
1745
1747
1748
1750
1752
1754
1755
1757
1759
1761
1763
1765
1767
1769
1772
1774
1776
1778
1781
1783
1785
1788
1789
1792
1793
1796
1797
1796
1802
1805
1808
1810
1812
1815
1816
1819
1821
1823
1825
1826
1829
1831
1833
1836
1837
1840
1841
1844
1846
1848
1850
1852
1854
1856
1858
1860
1861
1863
1865
1867
1869
1871
1872
1873
1876
1877
1879
1881
1882
1884
1885
1887
1888
1889
1891
1892
1893
1896
1896
1898
1898
1900
1901
1901
1903
1904
1904
1905
1906
1904
1907
1908
1908
1908
1909
1909
1909
1910
1910
1911
1911
1911
1911
1912
1911
1911
1911
1911
1910
1910
1910
1909
1909
1909
1908
1908
1906
1903
1905
1904
1903
1903
1901
1900
1899
1898
1897
1896
1894
1893
1892
1890
1889
1888
1885
1884
1882
1881
1879
1877
1876
1874
1872
1870
1868
1867
1864
1863
1861
1858
1856
1854
1852
1850
1847
1845
1842
