3742
3588
3394
3171
2924
2665
2404
2147
1903
1680
1485
1324
1201
1122
1089
1102
1160
1262
1406
1593
1812
2059
2319
2582
2843
3090
3319
3520
3687
3817
3906
3946
3940
3888
3794
3655
3479
3265
3027
2772
2511
2252
2000
1768
1561
1385
1246
1149
1096
1091
1131
1214
1343
1506
1720
1956
2212
2474
2737
2991
3229
3442
3622
3770
3875
3936
3949
3915
3838
3716
3558
3356
3128
2877
2617
2357
2101
1861
1643
1454
1299
1182
1112
1088
1109
1174
1285
1435
1632
1855
2105
2367
2629
2889
3134
3357
3553
3714
3837
3917
3948
3934
3875
3772
3625
3441
3224
2981
2724
2461
2204
1956
1729
1526
1358
1225
1136
1091
1097
1143
1235
1370
1545
1761
2002
2260
2523
2785
3036
3270
3477
3652
3793
3890
3942
3945
3905
3819
3689
3525
3316
3083
2829
2568
2308
2056
1819
1605
1421
1275
1166
1104
1088
1119
1193
1310
1467
1672
1901
2153
2415
2679
2936
3177
3397
3585
3741
3854
3924
3949
3927
3859
3747
3595
3403
3181
2934
2675
2415
2158
1913
1689
1493
1330
1204
1123
1089
1101
1157
1256
1401
1584
1803
2048
2308
2572
2833
3080
3311
3512
3682
3812
3902
3946
3942
3891
3797
3661
3487
3275
3037
2781
2521
2261
2010
1776
1569
1391
1251
1151
1097
1090
1129
1210
1337
1498
1712
1945
2201
2465
2727
2981
3221
3434
3616
3764
3873
3935
3949
3917
3842
3721
3564
3363
3137
2887
2628
2367
2111
1870
1651
1459
1303
1187
1114
1088
1108
1171
1279
1429
1623
1847
2096
2357
2620
2879
3126
3349
3546
3708
3833
3916
3948
3935
3878
3776
3632
3449
3233
2991
2734
2472
2214
1965
1736
1534
1363
1229
1139
1093
1095
1141
1227
1365
1537
1751
1992
2250
2513
2775
3026
3261
3471
3647
3788
3888
3941
3946
3907
3823
3696
3534
3324
3092
2840
2579
2319
2065
1828
1613
1428
1280
1170
1105
1089
1117
1188
1304
1459
1662
1891
2143
2405
2669
2925
3169
3389
3578
3736
3852
3925
3949
3928
3863
3752
3601
3411
3191
2944
2686
2425
2167
1921
1697
1500
1336
1210
1126
1089
1099
1154
1250
1394
1576
1793
2038
2297
2561
2822
3070
3301
3504
3676
3809
3901
3944
3942
3895
3804
3667
3497
3283
3047
2792
2531
2272
2020
1785
1579
1398
1257
1155
1098
1090
1126
1206
1331
1491
1701
1936
2190
2454
2716
2970
3211
3426
3611
3760
3868
3932
3950
3920
3847
3727
3571
3372
3147
2897
2638
2377
2121
1880
1659
1467
1311
1189
1115
1088
1106
1168
1275
1424
1614
1837
2085
2346
2609
2869
3117
3342
3539
3703
3829
3912
3948
3936
3881
3781
3639
3458
3244
3000
2745
2482
2225
1975
1744
1542
1370
1233
1141
1093
1095
1138
1225
1358
1528
1743
1981
2239
2501
2764
3017
3251
3464
3640
3782
3883
3939
3947
3908
3827
3703
3540
3332
3103
2850
2591
2332
2075
1837
1622
1434
1285
1173
1106
1088
1114
1184
1299
