2633
2636
2639
2641
2645
2648
2650
2652
2656
2658
2662
2663
2666
2669
2672
2674
2676
2679
2681
2682
2686
2689
2689
2691
2694
2696
2698
2699
2698
2703
2705
2707
2708
2710
2709
2711
2713
2713
2716
2716
2717
2718
2720
2721
2720
2721
2724
2723
2722
2723
2722
2722
2723
2723
2724
2724
2724
2723
2723
2723
2723
2722
2721
2721
2721
2719
2719
2717
2717
2716
2714
2715
2713
2710
2711
2709
2707
2705
2703
2701
2700
2698
2696
2694
2692
2691
2688
2687
2685
2681
2679
2677
2674
2673
2669
2666
2665
2662
2659
2657
2654
2651
2648
2645
2642
2640
2637
2634
2631
2627
2624
2621
2618
2615
2613
2608
2604
2601
2596
2593
2589
2586
2583
2578
2575
2571
2568
2564
2561
2557
2554
2551
2549
2546
2539
2534
2532
2525
2521
2517
2514
2510
2507
2503
2500
2497
2493
2489
2486
2482
2478
2476
2471
2468
2465
2461
2458
2454
2451
2447
2444
2440
2437
2434
2431
2428
2425
2422
2420
2415
2413
2410
2408
2404
2401
2398
2396
2392
2389
2388
2385
2381
2381
2376
2374
2372
2369
2367
2365
2361
2359
2357
2354
2353
2351
2347
2347
2344
2342
2341
2337
2337
2335
2333
2333
2331
2329
2328
2326
2325
2325
2323
2323
2322
2321
2320
2317
2317
2317
2315
2316
2317
2316
2314
2315
2314
2315
2314
2314
2314
2316
2314
2314
2315
2316
2316
2316
2317
2318
2318
2319
2319
2320
2320
2322
2324
2325
2327
2328
2330
2330
2332
2333
2335
2337
2338
2341
2343
2345
2347
2349
2351
2354
2357
2359
2361
2364
2366
2369
2371
2375
2377
2379
2382
2385
2387
2391
2393
2396
2400
2403
2406
2409
2412
2415
2419
2421
2425
2429
2433
2436
2439
2444
2447
2451
2455
2459
2463
2466
2469
2473
2477
2480
2483
2485
2489
2495
2500
2505
2511
2515
2518
2522
2526
2529
2533
2537
2540
2544
2547
2551
2555
2559
2562
2567
2569
2573
2576
2580
2583
2588
2590
2593
2596
2600
2602
2606
2609
2613
2615
2619
2621
2623
2627
2631
2633
2637
2639
2641
2645
2647
2650
2652
2655
2659
2661
2664
2666
2668
2671
2674
2676
2678
2681
2684
2686
2688
2689
2692
2693
2695
2698
2700
2702
2704
2703
2707
2707
2709
2710
2712
2713
2714
2714
2716
2718
2715
2719
2720
2721
2721
2721
2721
2722
2722
2723
2724
2723
2724
2723
2723
2724
2723
2724
2723
2722
2722
2721
2721
2720
2719
2718
2717
2717
2713
2715
2714
2712
2712
2709
2709
2707
2705
2704
2702
2700
2698
2696
2694
2693
2691
2689
2687
2683
2681
2679
2677
2675
2672
2669
2668
2664
2661
2659
2657
2653
2651
2649
2645
2643
2638
2637
2633
2630
2628
2625
2622
2618
2614
2610
2608
2604
2600
2597
2593
2589
2585
2581
2578
2574
2570
2567
2562
2560
2557
2554
2551
2548
2545
2538
2533
2528
2525
2520
2516
2513
2510
2505
2502
2498
2496
2492
2488
2485
2481
2478
2474
2471
2468
2463
