3698
3543
3373
3186
2990
2788
2583
2376
2171
1971
1780
1602
1439
1292
1164
1058
973
913
880
872
886
926
992
1082
1190
1334
1490
1664
1852
2051
2255
2462
2671
2877
3076
3266
3443
3604
3751
3877
3984
4066
4095
4095
4095
4095
4095
4037
3945
3835
3693
3537
3366
3179
2983
2781
2575
2367
2163
1965
1774
1595
1431
1286
1160
1053
970
910
879
872
889
929
996
1088
1200
1344
1502
1678
1864
2063
2266
2474
2682
2888
3087
3276
3453
3614
3758
3884
3989
4070
4095
4095
4095
4095
4095
4032
3940
3828
3685
3529
3357
3169
2972
2770
2564
2357
2153
1951
1762
1586
1424
1279
1153
1048
965
909
877
871
889
930
999
1092
1204
1350
1509
1685
1873
2072
2276
2484
2691
2901
3099
3287
3464
3624
3768
3892
3995
4073
4095
4095
4095
4095
4095
4027
3934
3820
3676
3519
3346
3159
2961
2759
2553
2344
2141
1941
1753
1578
1416
1272
1148
1043
963
906
877
872
891
934
1003
1098
1213
1358
1518
1694
1883
2081
2286
2494
2699
2906
3104
3293
3469
3628
3771
3896
3996
4078
4095
4095
4095
4095
4095
4022
3926
3811
3667
3509
3333
3145
2948
2746
2541
2333
2128
1930
1741
1567
1407
1264
1141
1038
958
904
875
872
893
937
1008
1102
1220
1365
1526
1703
1892
2091
2295
2504
2712
2917
3114
3302
3476
3637
3780
3902
4003
4080
4095
4095
4095
4095
4092
4020
3924
3806
3662
3504
3329
3138
2942
2737
2530
2323
2120
1922
1734
1558
1397
1256
1136
1033
955
902
875
873
894
940
1013
1109
1228
1374
1536
1713
1905
2104
2309
2516
2725
2929
3125
3313
3487
3644
3786
3908
4007
4083
4095
4095
4095
4095
4090
4015
3919
3800
3655
3492
3317
3128
2929
2726
2520
2313
2110
1912
1726
1552
1391
1251
1130
1030
953
900
874
873
896
943
1017
1114
1234
1384
1547
1726
1917
2116
2320
2529
2736
2941
3137
3325
3496
3653
3792
3914
4013
4088
4095
4095
4095
4095
4086
4010
3913
3791
3645
3484
3307
3118
2919
2716
2509
2302
2099
1902
1716
1542
1386
1245
1124
1024
948
898
871
874
897
946
1021
1119
1241
1388
1552
1730
1921
2122
2328
2538
2746
2949
3146
3330
3503
3660
3798
3920
4018
4092
4095
4095
4095
4095
4083
4004
3906
3783
3636
3474
3297
3107
2909
2705
2498
2292
2089
1892
1707
1534
1377
1238
1118
1019
946
898
873
874
899
949
1026
1124
1249
1397
1561
1740
1932
2135
2340
2549
2756
2960
3155
3341
3509
3667
3805
3924
4020
4092
4095
4095
4095
4095
4080
4001
3901
3776
3630
3467
3289
3094
2895
2691
2484
2277
2075
1880
1695
1523
1368
1229
1112
1015
942
894
872
876
901
953
1031
1130
1258
1405
1571
1752
1944
2145
2350
2559
2767
2970
3165
3351
3520
3675
3812
3930
4026
4095
4095
4095
4095
4095
4075
3996
3895
3769
3622
3459
3280
3088
2889
2685
2477
2271
2069
1872
1687
1516
1361
1224
1106
1011
939
892
873
876
904
958
1038
1138
1266
1415
1582
1763
1957
2158
2364
2572
2779
2981
3177
3360
3531
3684
3820
3937
4028
4095
4095
4095
4095
4095
4073
3992
3890
3761
3614
3450
3270
3078
2879
2674
2468
2258
2057
1862
1678
1508
1353
1217
1101
1007
938
891
872
876
906
959
1040
1142
1272
1423
1590
1772
1966
2167
2372
2585
2792
2994
3189
3372
3540
3694
3828
3942
4035
4095
4095
4095
4095
4095
4068
3986
3885
3754
3605
3441
3259
3066
2866
2661
2454
2247
2046
1852
1670
1499
1346
1210
1094
1003
933
890
872
878
907
964
1044
1147
1279
1431
1598
1781
1975
2177
2382
2591
2798
3001
3195
3377
3545
3699
3832
3947
4038
4095
4095
4095
4095
4095
4064
3980
3876
3744
3595
3428
3247
3053
2854
2649
2442
2235
2034
1841
1659
1490
1338
1204
1089
997
929
889
871
879
911
967
1051
1154
1288
1438
1608
1791
1986
2187
2395
2603
2810
3011
3205
3389
3556
3707
3841
3952
4043
4095
4095
4095
4095
4095
4062
3976
3873
3740
3589
3420
3238
3045
2844
2640
2432
2226
2025
1828
1647
1479
1328
1195
1082
993
926
886
872
881
914
972
1052
1159
1296
1448
1619
1802
1997
2199
2407
2613
2821
3023
3217
3398
3563
3713
3846
3958
4047
4095
4095
4095
4095
4095
4057
3971
3868
3730
3579
3412
3228
3033
2833
2628
2420
2215
2014
1821
1642
1474
1323
1190
1079
990
922
884
871
881
915
975
1061
1166
1305
1459
1630
1815
2011
2212
2420
2628
2836
3036
3228
3409
3574
3723
3854
3964
4051
4095
4095
4095
4095
4095
4052
3966
3860
3722
3571
3402
3218
3024
2824
2618
2411
2205
2005
1813
1632
1466
1315
1184
1073
984
922
883
871
882
917
979
1066
1170
1310
1464
1636
1821
2017
2221
2429
2637
2844
3044
3236
3417
3581
3731
3862
3970
4056
4095
4095
4095
4095
4095
4048
3960
3854
3714
3562
3392
3207
3012
2811
2605
2399
2193
1993
1801
1622
1456
1306
1177
1067
981
919
882
871
883
920
983
1070
1176
1317
1473
1646
1833
2029
2233
2440
2649
2855
3056
3245
3426
3589
3736
3865
3972
4057
4095
4095
4095
4095
4095
4045
3955
3848
3708
3554
3380
3195
2999
2797
2591
2384
2178
1980
1789
1610
1446
1297
1170
1062
976
914
881
871
886
923
988
1077
1185
1327
1484
1658
1844
2041
2243
2452
2660
2867
3065
3256
3435
3598
3744
3871
3979
4063
4095
4095
4095
4095
4095
4040
3950
3840
3700
3545
3374
3189
2993
2790
2585
2378
2170
1971
1781
1603
1439
1292
1164
1059
973
913
880
871
887
926
993
1083
1193
1337
1494
1669
1856
2053
2256
2464
2673
2879
3076
3267
3445
3607
3751
3880
3984
4067
4095
4095
4095
4095
4095
4036
3944
3834
3691
