1899
1897
1895
1895
1894
1892
1891
1889
1887
1886
1885
1883
1881
1879
1876
1876
1874
1872
1871
1869
1867
1865
1863
1861
1859
1857
1855
1853
1850
1848
1846
1843
1842
1839
1837
1834
1832
1830
1828
1826
1824
1821
1817
1814
1812
1809
1807
1805
1803
1801
1799
1796
1795
1792
1790
1788
1786
1784
1781
1779
1779
1775
1773
1770
1769
1767
1765
1763
1762
1760
1758
1757
1755
1753
1751
1749
1747
1746
1744
1742
1741
1740
1737
1736
1736
1734
1733
1731
1730
1729
1728
1727
1725
1724
1722
1722
1721
1720
1719
1718
1718
1716
1717
1715
1715
1715
1715
1714
1714
1714
1710
1713
1713
1713
1713
1713
1713
1712
1714
1713
1714
1714
1714
1715
1715
1716
1716
1717
1718
1718
1719
1721
1721
1723
1724
1724
1726
1727
1729
1730
1731
1732
1735
1735
1736
1736
1739
1740
1741
1743
1745
1747
1748
1750
1752
1753
1755
1757
1759
1761
1763
1765
1767
1769
1772
1773
1776
1778
1780
1783
1785
1787
1790
1791
1793
1796
1797
1799
1802
1805
1808
1810
1812
1815
1817
1818
1821
1823
1824
1826
1829
1831
1833
1836
1837
1840
1842
1844
1846
1849
1851
1853
1854
1856
1858
1860
1862
1864
1865
1867
1869
1871
1872
1874
1876
1877
1879
1881
1882
1884
1885
1887
1888
1889
1891
1893
1894
1895
1896
1897
1899
1899
1901
1902
1903
1904
1906
1905
1906
1906
1908
1908
1908
1908
1907
1909
1910
1910
1911
1911
1911
1911
1911
1911
1911
1911
1911
1911
1911
1911
1910
1909
1909
1908
1908
1907
1906
1906
1905
1905
1904
1903
1902
1900
1899
1898
1896
1896
1894
1893
1892
1890
1889
1887
1886
1883
1882
1881
1879
1877
1876
1873
1872
1871
1869
1866
1864
1863
1861
1858
1856
1854
1852
1850
1847
1845
1843
1840
1837
1836
1836
1831
1829
1827
1826
1823
1820
1816
1814
1811
1809
1807
1805
1802
1800
1798
1796
1794
1792
1789
1788
1785
1783
1781
1778
1777
1774
1772
1771
1769
1767
1765
1762
1761
1759
1757
1756
1753
1752
1750
1749
1747
1745
1743
1741
1741
1739
1737
1736
1735
1734
1732
1731
1730
1730
1726
1723
1725
1724
1722
1722
1721
1721
1719
1718
1718
1717
1716
1716
1715
1714
1714
1714
1713
1713
1714
1713
1712
1713
1713
1713
1713
1714
1713
1713
1714
1714
1715
1715
1716
1716
1716
1718
1718
1720
1720
1721
1721
1723
1724
1725
1726
1728
1729
1730
1731
1733
1734
1735
1736
1737
1739
1741
1742
1744
1745
1748
1749
1751
1753
1753
1756
1758
1760
1761
1764
1766
1768
1770
1772
1774
1776
1778
1781
1783
1785
1788
1790
1792
1794
1796
1797
1800
1803
1806
1809
1810
1813
1816
1817
1821
1821
1824
1825
1828
1830
1832
1834
1837
1839
1841
1843
1845
1847
1849
1851
1853
1855
1857
1859
1860
1862
1864
1865
1868
1869
1872
1872
1874
1876
1878
1879
1881
1883
1885
1885
1887
1889
1891
1892
