1887
1880
1873
1866
1858
1849
1840
1832
1823
1811
1802
1793
1785
1777
1768
1761
1754
1747
1741
1735
1730
1725
1720
1717
1715
1713
1713
1713
1714
1715
1718
1721
1726
1731
1736
1742
1748
1756
1763
1772
1780
1790
1799
1808
1817
1825
1833
1842
1850
1858
1865
1872
1879
1885
1891
1896
1901
1904
1907
1909
1911
1911
1911
1910
1909
1905
1901
1896
1892
1886
1880
1872
1865
1857
1848
1839
1830
1820
1810
1801
1792
1783
1775
1767
1760
1753
1746
1739
1734
1729
1724
1719
1718
1715
1713
1713
1713
1714
1717
1719
1722
1727
1732
1737
1743
1750
1757
1765
1773
1783
1791
1798
1810
1817
1826
1835
1844
1852
1861
1866
1873
1880
1887
1892
1898
1902
1905
1908
1910
1910
1912
1910
1909
1908
1905
1901
1897
1891
1885
1878
1871
1864
1855
1846
1837
1829
1818
1808
1800
1791
1782
1773
1766
1759
1751
1745
1739
1733
1728
1723
1720
1716
1714
1714
1712
1713
1714
1716
1720
1723
1728
1733
1738
1744
1751
1759
1766
1775
1784
1793
1800
1811
1820
1828
1836
1845
1853
1860
1868
1874
1881
1887
1893
1898
1902
1905
1908
1910
1911
1911
1911
1909
1908
1905
1901
1895
1889
1883
1877
1870
1862
1854
1845
1835
1828
1816
1807
1798
1789
1780
1772
1765
1757
1751
1743
1737
1730
1728
1723
1719
1717
1714
1713
1713
1713
1714
1717
1720
1723
1729
1734
1739
1743
1753
1760
1768
1777
1786
1794
1803
1813
1821
1829
1838
1846
1854
1862
1869
1875
1882
1888
1893
1899
1903
1905
1908
1911
1911
1911
1910
1909
1907
1904
1899
1894
1889
1882
1875
1869
1861
1852
1843
1834
1826
1814
1805
1796
1787
1779
1770
1762
1756
1751
1742
1736
1731
1726
1721
1718
1715
1714
1713
1712
1714
1714
1717
1721
1724
1730
1735
1741
1746
1753
1761
1769
1778
1787
1795
1805
1814
1822
1831
1840
1848
1856
1863
1870
1877
1883
1889
1895
1899
1904
1906
1908
1911
1908
1911
1911
1908
1906
1903
1899
1893
1888
1881
1874
1867
1859
1850
1841
1832
1825
1812
1804
1795
1786
1778
1769
1762
1754
1748
1741
1736
1730
1726
1722
1718
1714
1713
1713
1713
1714
1715
1717
1721
1726
1730
1736
1741
1748
1755
1763
1771
1780
1789
1797
1807
1816
1824
1832
1841
1850
1857
1864
1871
1878
1884
1890
1895
1900
1903
1907
1909
1910
1911
1912
1910
1908
1905
1902
1897
1893
1886
1880
1873
1866
1857
1849
1840
1831
1822
1811
1802
1793
1785
1776
1768
1761
1753
1747
1740
1735
1729
1724
1720
1718
1715
1713
1712
1713
1713
1716
1718
1722
1726
1731
1736
1743
1748
1756
1764
1772
1781
1791
1797
1809
1817
1825
1833
1843
1851
1859
1865
1873
1879
1886
1891
1897
1901
1905
1907
1909
1910
1911
1911
1911
1908
1905
1902
1897
1891
1885
1879
1872
1865
1857
1848
1838
1829
1820
1809
1801
1792
1783
1775
1767
1759
1752
1746
1739
1734
1728
1723
1720
1717
1715
1713
1712
1714
1714
1716
1719
1722
1726
1732
1737
1743
1750
1757
1765
1774
1783
1792
1799
1810
1818
1826
1835
1844
1852
1860
1866
1873
1881
1886
1892
1897
1901
1905
1908
1909
1910
1911
1911
1909
1908
1905
1901
1896
1890
1885
1877
1871
1864
1855
1846
1836
1829
1817
1808
1799
1790
1781
1773
1765
1758
1751
1745
1738
1733
1727
1724
1719
1717
1715
1714
1712
1713
1714
1717
1719
1723
1728
1734
1738
1745
1752
1759
1767
1776
1785
1794
1801
1812
1820
1829
1837
1846
1853
1861
1868
1874
1881
1888
1892
1898
1902
1905
1908
1910
1910
1912
1910
1910
1907
1905
1900
1895
1890
1883
1876
1870
1862
1853
1844
1835
1827
1817
1807
1797
1789
1780
1772
1764
1757
1750
1743
1737
1732
1726
1722
1718
1716
1714
1713
1713
1713
1715
1717
1720
1723
1728
1734
1739
1745
1753
1760
1770
1777
1786
1794
1804
1813
1821
1829
1839
1847
1855
1862
1869
1875
1882
1889
1894
1899
1900
1905
1908
1910
1911
1911
1910
1909
1907
1903
1899
1894
1889
1881
1875
1868
1860
1852
1842
1833
1826
1813
1805
1796
1787
1778
1772
1763
1756
1748
1742
1736
1731
1726
1722
1718
1715
1714
1713
1712
1714
1715
1718
1721
1725
1729
1736
1740
1747
1753
1761
1770
1778
1787
1796
1805
1815
1823
1831
1840
1849
1856
1863
1871
1877
1883
1890
1895
1900
1903
1907
1909
1911
1911
1910
1910
1909
1907
1903
1898
1893
1887
1881
1874
1867
1859
1852
1841
1832
1824
1812
1804
1795
1786
1776
1769
1762
1754
1749
1740
1736
1730
1725
1721
1718
1715
1714
1713
1713
1714
1715
1718
1721
1726
1730
1736
1741
1748
1755
1762
1771
1780
1789
1797
1809
1816
1824
1832
1841
1849
1857
1865
1871
1878
1885
1890
1896
1900
1904
1906
1910
1910
1911
1911
1910
1908
1906
1902
1898
1892
1887
1880
1870
1866
1858
1849
1840
1831
1821
1810
1802
1793
1784
1776
1768
1760
1754
1746
1740
1735
1730
1725
1720
1717
1715
1713
1713
1713
1714
1716
1719
1722
1726
1731
1736
1743
1750
1756
1765
1773
1782
1791
1798
1809
1817
1825
1834
1843
1851
1858
1866
1873
1880
1886
1892
1897
1901
1905
1908
1909
1912
1911
1911
1909
1910
1905
1902
1896
1892
1885
1879
1872
1864
1856
1847
1838
1829
1819
1809
1800
1792
1783
1774
1766
1760
1752
1745
1738
1734
1728
1724
1720
1717
1714
1713
1713
1714
1714
1716
1718
1723
1727
1732
1737
1744
1751
1758
1765
1774
1783
1792
1799
1811
1818
1827
1835
1844
1852
1860
1866
1873
1880
1887
1892
1897
1901
1905
1907
1909
1911
1912
1910
1909
1907
1905
1900
1896
1890
1885
1877
1871
1863
1855
1846
1837
1828
1817
1807
1799
1790
1782
1773
1765
1758
1751
1744
1738
1732
1728
1723
1718
1716
1714
1713
1713
1713
1714
1716
1720
1723
1725
1733
1738
1745
1752
1759
1767
1776
1785
1793
1802
1812
1820
1828
1837
1845
1853
1861
1868
1875
1882
1888
1893
1898
1903
1905
1908
1909
1911
1911
1911
1909
1907
1904
1900
1895
1889
1883
1876
1870
1862
1853
1844
1835
1826
1815
1806
1797
1790
1780
1772
1764
1757
1750
1743
1736
1731
1726
1722
1718
1716
1713
1712
1713
1711
1714
1717
1720
1724
1729
1734
1739
1746
1753
1761
1768
1777
1786
1794
1804
1813
1821
1830
1839
1848
1855
1862
1869
1876
1883
1889
1894
1899
1903
1906
1908
1910
1910
1911
1910
1909
1906
1903
1899
1894
1889
1882
1875
1868
1860
1852
1842
1833
1825
1813
1805
1796
1787
1778
1770
1763
1755
1748
1742
1736
1731
1726
1721
1718
1716
1714
1712
1713
1714
1715
1718
1722
1725
1730
1736
1741
1747
1754
1762
1770
1779
1788
1796
1806
1815
1823
1832
1842
1849
1856
1864
1870
1877
1884
1889
1895
1899
1904
1907
1908
1910
1911
1911
1910
1908
1906
1902
1898
1893
1887
1881
1873
1867
1859
1849
1841
1832
1823
1812
1803
1794
1786
1777
1769
1761
1755
1747
1741
1736
1730
1725
1721
1718
1715
1713
1714
1712
1714
1715
1718
1721
1726
1730
1736
1741
1748
1755
1763
1771
1781
1789
1797
1808
1817
1824
1832
1841
1850
1857
1865
1872
1879
1885
1891
1896
1901
1904
1905
1909
1910
1911
1911
1910
1909
1905
1903
1897
1892
1886
1880
1873
1866
1857
1846
1839
1831
1821
1810
1801
1793
1784
1776
1767
1761
1753
1744
1739
1735
1729
1724
1720
1717
1715
1713
1713
1713
1714
1717
1718
1722
1726
1732
1737
1741
1749
1757
1764
1770
1782
1791
1797
1809
1818
1825
1834
1843
1852
1859
1866
1872
1879
1886
1892
1897
1901
1904
1907
1909
1911
1911
1910
1910
1908
1905
1901
1896
1891
1885
1879
1871
1864
1856
1847
1837
1829
1819
1808
1800
1791
1782
1774
1767
1758
1752
1745
1738
1734
1728
1723
1719
1717
1715
1713
1713
1712
1714
1717
1719
1722
1728
1733
1738
1744
1751
1758
1766
1775
1784
1793
1797
1811
1819
1827
1836
1844
1853
1860
1868
1874
1878
1887
1893
1898
1902
1905
1908
1910
1911
1911
1911
1909
1908
1904
1901
1896
1890
1884
1877
1870
1863
1854
1845
1836
1828
1816
1807
1799
1790
1781
1773
1765
1757
1751
1744
1738
1733
1727
1723
1719
1716
1714
1714
1712
1713
1714
1717
1720
1720
1728
1733
1739
1745
1752
1759
1767
1776
1785
1793
1802
1812
1821
1829
1838
1846
1854
1861
1869
1875
1881
1888
1894
1899
1903
1905
1908
1912
1911
1911
1910
1909
1907
1904
1900
1896
1889
1883
1876
1869
1861
1853
1843
1834
1827
1815
1805
1797
1788
1780
1771
1764
1756
1749
1743
1736
1731
1727
1722
1717
1715
1714
1713
1713
1714
1714
1717
1721
1724
1730
1734
1740
1746
1753
1761
1769
1777
1787
1795
1805
1814
1822
1830
1839
1847
1856
1863
1872
1876
1883
1889
1895
1899
1904
1907
1909
1910
1912
1911
1910
1908
1906
1903
1899
1894
1888
1881
1875
1868
1860
1851
1842
1833
1825
1813
1804
1796
1787
1778
1770
1762
1756
1748
1741
1736
1730
1726
1722
1718
1717
1714
1713
1713
1713
1715
1717
1721
1726
1730
1736
1741
1747
1755
1761
1770
1779
1788
1796
1806
1815
1823
1832
1840
1849
1857
1863
1871
1878
1884
1890
1895
1899
1904
1906
1908
1911
1911
1911
1910
1908
1906
1903
1898
1892
1886
1881
1874
1866
1858
1849
1840
1831
1823
1811
1803
1794
1785
1777
1768
1761
1754
1747
1740
1735
1730
1725
1721
1718
1715
1713
1713
1712
1714
1715
1718
1722
1726
1731
1736
1742
1749
1756
1763
1772
1781
1788
1797
1808
1817
1825
1833
1842
1850
1858
1865
1872
1879
1885
1891
1896
1900
1905
1907
1909
1910
1911
1911
1910
1908
1905
1901
1897
1892
1886
1880
1873
1865
1857
1848
1840
1830
1821
1809
1798
1793
1784
1775
1767
1759
1752
1746
1739
1734
1729
1724
1720
1717
1715
1712
1713
1713
1714
1715
1718
1722
1727
1732
1737
1743
1750
1757
1765
1773
1782
1791
1798
1810
1818
1826
1835
1844
1852
1859
1866
1873
1880
1886
1891
1897
1901
1905
1908
1909
1910
1911
1911
1910
1908
1904
1901
1897
1890
1885
1878
1872
1864
1855
1847
1837
1829
1818
1809
1799
1791
1782
1773
1765
1758
1751
1745
1738
1732
1728
1721
1720
1717
1714
1713
1712
1713
1714
1716
1718
1722
1728
1733
1738
1745
1751
1759
1766
1772
1784
1793
1800
1811
1819
1828
1837
1845
1853
1860
1867
1874
1881
1887
1892
1898
1902
1905
1908
1910
1911
1912
1911
1909
1907
1904
1900
1896
1889
1884
1877
1870
1862
1854
1844
1835
1827
1816
1807
1800
1789
1780
1772
1765
1757
1751
1743
1737
1732
1728
1722
1719
1717
1715
1713
1713
1713
1715
1717
1720
1724
1728
1734
1739
1745
1752
1759
1768
1777
1786
1793
1803
1812
1821
1829
1838
1846
1851
1861
1869
1875
1882
1889
1893
1899
1903
1906
1909
1910
1911
1910
1910
1909
1907
1904
1899
1894
1889
1882
1876
1869
1861
1852
1843
1834
1826
1814
1805
1796
1788
1779
1771
1763
1756
1749
1743
1736
1731
1726
1722
1718
1715
1714
1713
1713
1715
1715
1717
1720
1725
1730
1734
1740
1746
1753
1761
1769
1778
1787
1795
1805
1815
1822
1831
1840
1848
1856
1863
1870
1876
1883
1889
1895
1900
1903
1906
1909
1911
1911
1911
1910
1909
1906
1903
1898
1893
1887
1882
1875
1868
1860
1851
1841
1832
1825
1813
1804
1795
1786
1778
1769
1762
1755
1748
1741
1737
1730
1726
1721
1718
1716
1714
1713
1713
1713
1715
1718
1721
1725
1730
1736
1741
1747
1754
1762
1771
1780
1789
1796
1807
1816
1824
1832
1841
1849
1857
1864
1871
1878
1885
1890
1895
1900
1904
1906
1909
1911
1911
1911
1910
1908
1906
1902
1897
1892
1887
1880
1873
1866
1859
1849
1840
1831
1823
1811
1803
1793
1785
1776
1768
1761
1754
1747
1740
1735
1730
1725
1720
1717
1714
1713
1713
1712
1713
1716
1718
1722
1726
1731
1736
1742
1749
1756
1764
1772
1781
1790
1798
1809
1817
1825
1834
1842
1850
1858
1865
1872
1879
1885
1891
1896
1901
1904
1907
1909
1910
1911
1911
1910
1908
1905
1902
1897
1891
1885
1879
1872
1865
1856
1848
1839
1830
1820
1810
1800
1792
1783
1775
1766
1757
1753
1745
1739
1734
1728
1723
1720
1717
1714
1713
1713
1715
1714
1716
1719
1722
1727
1732
1737
1743
1750
1757
1765
1774
1783
1792
1799
1812
1818
1826
1835
1844
1851
1859
1866
1873
1880
1886
1892
1897
1901
1905
1907
1909
1910
1911
1911
1910
1908
1905
1901
1896
1890
1885
1878
1871
1864
1856
1846
1837
1828
1818
1807
1800
1791
1782
1773
1765
1759
1752
1745
1738
1733
1724
1723
1719
1717
1714
1713
1713
1714
1714
1717
1716
1723
1729
1733
1739
1745
1754
1759
1766
1775
1784
1793
1801
1812
1820
1828
1837
1845
1853
1860
1868
1875
1881
1888
1892
1898
1903
1905
1908
1909
1911
1911
1909
1909
1906
1905
1901
1895
1889
1883
1876
1870
1862
1853
1844
1835
1827
1816
1805
1797
1787
1780
1772
1764
1757
1749
1744
1736
1732
1727
1722
1719
1716
1714
1713
1713
1714
1714
1717
1720
1724
1729
1734
1739
1746
1753
1760
1767
1777
1786
1794
1803
1813
1821
1829
1838
1847
1855
1862
1869
1876
1882
1889
1894
1900
1903
1906
1908
1910
1911
1911
1911
1909
1907
1905
1899
1894
1889
1882
1876
1868
1861
1852
1843
1834
1826
1814
1805
1796
1787
1779
1771
1763
1756
1749
1742
1736
1731
1726
1722
1718
1716
1714
1712
1713
1714
1715
1717
1721
1725
1730
1735
1739
1746
1754
1761
1769
1778
1787
1795
1805
1814
1823
1831
1841
1848
1856
1863
1870
1877
1883
1890
1895
1899
1903
1906
1908
1910
1911
1911
1910
1909
1905
1902
1899
1893
1887
1881
1874
1867
1859
1851
1841
1832
1824
1812
1803
1795
1785
1777
1769
1761
1755
1747
1742
1736
1730
1725
1721
1718
1715
1714
1713
1712
1714
1715
1717
1721
1726
1730
1736
1741
1748
1755
1762
1771
1780
1789
1797
1807
1816
1824
1832
1841
1850
1857
1866
1871
1878
1885
1891
1896
1900
1904
1907
1909
1911
1911
1911
1911
1908
1905
1902
1897
1893
1886
1880
1873
1865
1858
1849
1840
1831
1821
1812
1802
1792
1784
1776
1768
1759
1753
1746
1740
1735
1730
1724
1720
1717
1715
1713
1712
1712
1714
1716
1718
1722
1726
1731
1736
1742
1749
1757
1764
1773
1781
1790
1798
1809
1817
1825
1834
1842
1851
1858
1865
1873
1879
1885
1891
1896
1901
1904
1907
1909
1911
1911
1911
1910
1908
1905
1901
1896
1892
1885
1879
1872
1864
1856
1847
1838
1829
1819
1809
1801
1791
1783
1774
1767
1760
1752
1745
1739
1734
1729
1724
1719
1716
1715
1713
1714
1713
1714
1716
1719
1723
1727
1732
1737
1744
1750
1757
1765
1774
1785
1792
1799
1810
1816
1827
1837
1844
1852
1860
1867
1874
1881
1887
1892
1897
1902
1905
1908
1910
1911
1911
1910
1909
1908
1905
1901
1896
1890
1885
1877
1871
1863
1854
1846
1837
1829
1817
1808
1799
1790
1781
1773
1765
1758
1751
1741
1737
1733
1727
1723
1720
1715
1714
1714
1713
1714
1714
1717
1720
1723
1728
1733
1738
1745
1751
1759
1766
1776
1785
1793
1801
1812
1820
1828
1837
1846
1853
1861
1868
1874
1881
1887
1893
1899
1903
1905
1907
1910
1911
1911
1911
1909
1907
1905
1900
1895
1889
1883
1876
1870
1861
1853
1844
1835
1827
1815
1806
1798
1789
1780
1772
1764
1757
1750
1743
1737
1732
1727
1723
1719
1716
1715
1713
1713
1713
1714
1717
1720
1724
1730
1734
1739
1746
1753
1760
1768
1777
1787
1794
1804
1813
1821
1829
1840
1847
1855
1862
1869
1876
1883
1889
1894
1899
1903
1906
1909
1910
1911
1911
1911
1909
1907
1904
1899
1894
1889
1882
1874
1868
1858
1852
1843
1833
1826
1814
1805
1796
1787
1778
1770
1763
1756
1749
1741
1736
1731
1726
1720
1718
1717
1713
1713
1713
1714
1715
1717
1720
1725
1730
1735
1740
1747
1754
1761
1770
1778
1787
1796
1806
1815
1823
1831
1840
1849
1856
1864
1871
1877
1883
1889
1895
1900
1904
1906
1908
1909
1911
1911
1910
1908
1906
1903
1899
1892
1887
1880
1874
1867
1859
1850
1841
1832
1824
1812
1803
1794
1786
1777
1769
1761
1754
1748
1741
1736
1730
1725
1720
1718
1715
1713
1713
1713
1714
1715
1718
1721
1726
1731
1736
1741
1748
1756
1763
1771
1780
1789
1797
1804
1817
1825
1833
1842
1850
1857
1865
1869
1879
1885
1890
1896
1900
1904
1907
1909
1910
1911
1911
1910
1908
1903
1902
1897
1892
1886
1880
1873
1866
1857
1848
1839
1831
1821
1810
1802
1793
1784
1776
1768
1761
1753
1746
1739
1734
1729
1724
1720
1717
1715
1712
1713
1713
1714
1715
1715
1722
1726
1731
1736
1743
1749
1756
1764
1773
1782
1791
1798
1809
1817
1825
1834
1843
1851
1859
1868
1873
1880
1886
1891
1896
1901
1905
1908
1909
1910
1911
1911
1909
1908
1905
1901
1896
1891
1885
1879
1872
1864
1856
1847
1837
1829
1819
1809
1800
1792
1783
1775
1766
1759
1752
1745
1739
1734
1728
1723
1720
1717
1714
1715
1712
1713
1714
1717
1719
1722
1727
1733
1737
1744
1750
1757
1766
1775
1783
1792
1799
1811
1819
1827
1836
1844
1853
1860
1867
1874
1881
1887
1892
1898
1901
1904
1908
1910
1911
1911
1911
1909
1908
1905
1900
1896
1890
1884
1877
1871
1863
1855
1845
1836
1828
1817
1807
1798
1789
1781
1773
1765
1758
1750
1744
1738
1732
1727
1723
1719
1716
1714
1713
1712
1713
1714
1717
1719
1724
1728
1733
1739
1745
1752
1759
1767
1776
