3764
4095
4095
4095
4095
3585
2844
2054
1340
782
453
442
738
2748
3494
4095
4095
4095
4095
3968
3312
2502
1744
1086
623
410
525
918
1531
3952
4095
4095
4095
4095
3500
2759
1968
1257
724
441
456
770
1322
2042
2826
4095
4095
4095
3853
3171
2391
1590
963
545
403
582
1025
1669
2476
3238
3904
4095
3954
3327
2546
1781
1090
606
413
2658
3446
4056
4095
4095
4095
4007
3368
2612
1846
1125
646
423
493
850
1464
2188
3009
3712
4095
4095
4095
4095
3753
1956
1230
718
435
460
800
1356
2116
2883
3617
4095
4095
4095
4095
3859
3188
958
535
403
578
1051
1696
2458
3278
3940
4095
4095
4095
4095
3513
2786
2015
413
506
882
1522
2258
3034
3738
4095
3786
3081
2250
1503
900
518
405
620
1102
1772
2544
3306
3996
4095
4095
4095
4095
3457
2711
1937
1239
692
433
466
1374
2095
2878
3607
4095
4095
4095
4095
3877
3157
2386
1634
1001
550
403
574
2618
3377
4016
4095
4095
4095
4056
3436
2684
1864
1178
670
426
478
819
1437
3733
4095
4095
4095
4095
3776
3035
2261
464
792
1387
2109
2884
3660
4095
4095
4095
4095
3856
3140
2378
1589
976
542
404
570
1035
1673
2481
3237
3933
4095
4095
4095
3680
2921
2146
1421
842
476
427
671
1205
1887
2652
3452
4076
4095
3723
3019
2240
1507
876
507
409
646
1127
1789
2611
3361
3991
4095
4095
4095
2393
1647
1014
563
405
558
984
1617
4095
4095
4095
4095
3501
2752
1970
1268
738
447
462
781
1336
2052
2841
3582
4095
4095
4095
4095
3869
3197
2425
1663
459
438
722
1257
1964
2753
3544
4095
4095
4095
4095
3953
3298
2479
1721
1068
546
996
1636
2391
3163
3848
4095
4095
4095
4095
3632
2859
2077
1365
806
461
1183
1878
2663
3423
4056
4095
4095
4095
1606
981
560
404
576
1008
1640
2437
3200
3908
4095
4095
4095
4095
3591
2813
2041
1333
758
459
435
741
1270
1968
3539
4095
4095
4095
4095
3925
3257
2489
1679
1025
584
406
539
946
1618
2368
4095
4095
4095
4095
3642
2873
2095
1378
789
469
428
710
1222
1963
2727
3512
4095
4095
3910
3207
2441
1675
1022
582
1972
2757
3507
4095
4095
4095
4095
3940
3284
2514
1701
1052
601
410
544
952
1572
2323
3104
3803
4095
4095
4095
4095
2903
2073
1360
802
472
430
694
1249
1949
2727
3473
4088
4095
4095
4095
3996
1492
893
512
408
626
1143
1817
2592
3351
3995
4095
4095
4095
4060
3429
2667
561
405
556
990
1631
2437
3199
3866
4095
3573
2836
2058
1349
765
459
435
714
1243
1984
2752
3505
4095
4095
4095
4095
3933
3274
2501
1736
1082
599
409
861
1501
2239
3009
3712
4095
4095
4095
4095
3744
3043
2269
1483
895
501
411
2108
2883
3605
4095
4095
4095
4095
3844
3167
2349
1591
971
558
403
576
1010
3152
3826
4095
4095
4095
4095
3612
2883
404
587
1033
1681
2445
3220
3898
4095
4095
4095
4095
3539
2797
2006
1286
749
449
447
752
1297
2008
2793
3539
4095
4095
4095
3897
3216
2391
1622
986
561
405
566
1010
1658
2425
3209
3885
4095
4095
3723
3001
2212
1429
850
492
420
661
1169
1865
2658
3425
4061
4095
4095
3141
2362
1602
977
555
405
584
1032
4095
4095
4095
4095
3956
3259
2497
1733
1074
592
409
528
922
1579
2328
3099
3790
4095
4095
4095
4095
3667
2952
2127
607
412
511
927
1538
2278
3097
3783
4095
4095
4095
4095
3686
2974
2191
1452
442
736
1306
2016
2788
3532
4095
4095
4095
4095
3913
3249
2428
1664
1018
584
1080
1792
2556
3311
3995
4095
4095
4095
2041
1330
752
452
442
736
1272
2029
2809
3548
4095
4095
4095
4095
3900
3216
2439
1682
1038
590
407
538
955
1586
3089
3793
4095
4095
4095
4095
3697
2936
2157
1427
846
492
427
676
1181
1870
4095
4095
4095
4095
3912
3239
2462
1693
1035
583
406
542
958
1636
2409
3198
4095
4095
4095
3590
2856
2036
1330
783
1773
2539
3302
3956
4095
4095
4095
4091
3480
2737
1959
1224
711
440
469
796
1354
2119
2886
3600
4095
4095
4095
4095
3169
2352
1610
986
565
403
570
1003
1689
2443
3206
3907
4095
4095
4095
4095
1974
1272
713
439
457
770
1363
2086
2860
3581
4095
4095
4095
4095
3868
3196
661
425
480
858
1440
2180
2973
3696
4095
3899
3219
2441
1674
1030
587
408
536
945
1608
2365
3141
3828
4095
4095
4095
4095
3649
2925
2091
1362
797
469
713
1242
1953
2736
3485
4095
4095
4095
4095
3946
3287
2516
1745
1083
616
413
1731
2495
3265
3931
4095
4095
4095
4095
3532
2781
1987
1278
745
450
446
778
3072
3777
4095
4095
4095
4095
3713
2997
437
459
777
1335
2098
2869
3598
4095
4095
4095
4095
3870
3154
2389
1633
1001
554
405
558
1016
1651
2406
3185
3900
4095
4095
4095
3692
2977
2199
1421
848
494
424
668
1167
1894
2662
3413
4038
4095
4020
3393
2589
1828
1160
645
420
490
882
1477
2216
3037
3730
4095
4095
3583
2846
2069
1348
786
464
435
718
3839
4095
4095
4095
4095
3660
2880
2104
1380
817
478
432
699
1213
1906
2693
3449
4068
4095
4095
4095
3972
3320
2555
888
507
408
624
1097
1817
2589
3350
3994
4095
4095
4095
4062
3439
2683
1902
404
553
979
1610
2416
3187
3864
4095
4095
4095
4095
3607
2833
2058
1341
779
730
1266
1974
2766
3512
4095
4095
4095
2457
1705
1024
586
404
547
958
1621
2368
3181
3848
4095
4095
4095
4095
3600
2882
2115
1358
805
463
433
706
1267
2701
3441
4057
4095
4095
4095
4007
3329
2577
1818
1109
