2284
2285
2287
2285
2286
2287
2287
2287
2287
2288
2288
2288
2289
2289
2289
2290
2290
2290
2290
2291
2292
2292
2292
2292
2293
2293
2294
2294
2295
2295
2295
2295
2296
2297
2297
2297
2295
2298
2298
2298
2299
2299
2300
2300
2301
2301
2300
2301
2301
2302
2302
2302
2303
2303
2303
2304
2304
2304
2304
2305
2305
2305
2306
2306
2306
2306
2307
2307
2308
2308
2309
2308
2308
2309
2309
2309
2310
2310
2311
2311
2311
2311
2312
2311
2312
2312
2313
2313
2313
2313
2313
2314
2314
2315
2314
2315
2315
2316
2316
2316
2316
2317
2317
2317
2317
2317
2317
2317
2318
2318
2318
2319
2319
2320
2320
2319
2319
2320
2320
2320
2321
2320
2320
2321
2322
2321
2322
2321
2322
2321
2322
2322
2322
2322
2323
2322
2322
2323
2323
2323
2323
2324
2324
2323
2324
2324
2323
2324
2324
2324
2324
2324
2324
2325
2325
2325
2324
2324
2324
2324
2325
2324
2326
2324
2325
2324
2325
2324
2325
2324
2326
2324
2324
2325
2324
2325
2324
2324
2324
2324
2324
2324
2324
2324
2324
2324
2324
2324
2323
2323
2323
2324
2323
2324
2323
2323
2323
2322
2323
2322
2323
2322
2323
2321
2322
2321
2322
2322
2318
2321
2321
2320
2320
2320
2320
2320
2320
2320
2320
2320
2316
2319
2319
2318
2319
2317
2318
2318
2317
2317
2317
2317
2317
2317
2317
2316
2316
2315
2316
2315
2315
2314
2314
2313
2314
2313
2313
2313
2313
2312
2312
2311
2311
2311
2311
2310
2310
2310
2309
2309
2310
2309
2307
2308
2308
2308
2308
2307
2306
2307
2306
2306
2306
2305
2305
2305
2304
2304
2304
2303
2303
2303
2303
2302
2301
2301
2302
2301
2298
2300
2300
2299
2299
2298
2299
2297
2297
2297
2297
2296
2294
2295
2295
2294
2294
2293
2293
2293
2293
2292
2293
2291
2291
2291
2290
2290
2290
2289
2290
2289
2289
2288
2288
2288
2288
2287
2287
2287
2285
2285
2284
2283
2283
2282
2282
2281
2281
2281
2281
2280
2280
2280
2280
2279
2275
2278
2278
2277
2277
2277
2277
2276
2276
2276
2275
2274
2274
2274
2274
2273
2273
2273
2272
2272
2272
2271
2271
2271
2271
2270
2270
2269
2269
2269
2268
2268
2267
2267
2266
2266
2266
2266
2265
2265
2265
2264
2264
2264
2264
2263
2263
2263
2259
2262
2262
2261
2261
2261
2260
2260
2260
2260
2260
2258
2259
2259
2258
2257
2257
2257
2257
2257
2257
2256
2256
2255
2255
2255
2255
2254
2255
2255
2254
2253
2253
2253
2255
2253
2252
2252
2253
2251
2252
2251
2251
2251
2250
2249
2249
2250
2249
2249
2248
2249
2248
2248
2248
2248
2248
2247
2247
2247
2247
2247
2247
2247
2246
2246
2245
2246
2245
2245
2245
2245
2244
2244
2245
2244
2244
2244
2244
2244
2244
2244
2244
2243
2243
2243
2243
2243
2244
2243
2243
2243
2242
2242
2243
2242
2242
2242
2242
2242
2242
2242
2242
2242
2241
2242
2242
2242
2242
2242
2242
2242
2242
2241
2242
2242
2242
2241
2242
2241
2243
2242
2242
2242
2242
2242
2242
2242
2243
2242
2243
2242
2243
2242
2243
2243
2244
2242
2243
2243
2243
2243
2244
2243
2243
2243
2244
2244
2245
2244
2245
2244
2245
2245
2245
2245
2245
2245
