2284
2285
2284
2285
2285
2284
2285
2284
2284
2284
2284
2284
2284
2284
2284
2284
2284
2285
2284
2284
2284
2284
2284
2284
2284
2284
2285
2285
2284
2284
2285
2284
2285
2284
2284
2284
2284
2284
2284
2284
2284
2284
2284
2284
2284
2284
2284
2284
2284
2284
2284
2284
2284
2284
2284
2283
2284
2284
2284
2284
2284
2284
2284
2284
2284
2284
2284
2284
2284
2283
2283
2283
2282
2284
2284
2283
2284
2283
2284
2283
2284
2284
2283
2283
2283
2283
2283
2283
2283
2283
2283
2282
2282
2282
2283
2282
2283
2283
2282
2283
2283
2282
2283
2283
2283
2282
2282
2282
2282
2283
2282
2283
2281
2282
2283
2282
2283
2282
2283
2282
2283
2282
2282
2283
2282
2282
2283
2282
2282
2282
2282
2282
2283
2283
2283
2283
2283
2282
2282
2282
2282
2282
2282
2282
2282
2283
2283
2282
2284
2282
2282
2282
2282
2282
2282
2282
2282
2282
2282
2282
2282
2282
2282
2282
2283
2282
2282
2282
2282
2282
2282
2282
2282
2282
2282
2282
2282
2282
2282
2282
2282
2282
2282
2282
2282
2282
2282
2282
2281
2282
2282
2282
2282
2282
2282
2282
2282
2281
2282
2281
2282
2281
2282
2282
2282
2282
2281
2281
2282
2281
2281
2281
2281
2281
2281
2281
2281
2282
2281
2281
2281
2281
2281
2281
2283
2281
2281
2281
2281
2281
2282
2281
2281
2281
2281
2281
2282
2281
2283
2281
2281
2281
2281
2281
2281
2281
2281
2281
2281
2281
2281
2281
2281
2281
2282
2281
2281
2281
2281
2281
2281
2281
2281
2281
2281
2281
2279
2281
2281
2281
2281
2281
2279
2281
2281
2281
2281
2281
2281
2281
2281
2281
2281
2281
2280
2281
2281
2281
2281
2281
2281
2280
2280
2280
2281
2280
2281
2280
2281
2281
2281
2281
2280
2280
2280
2281
2281
2280
2281
2281
2280
2281
2281
2280
2281
2280
2281
2280
2280
2281
2281
2281
2281
2280
2280
2280
2277
2280
2280
2280
2277
2280
2280
2280
2280
2280
2281
2280
2280
2279
2280
2280
2280
2280
2282
2280
2280
2280
2280
2280
2280
2280
2280
2279
2280
2280
2280
2280
2280
2280
2281
2279
2280
2280
2280
2280
2280
2280
2280
2280
2280
2280
2280
2279
2280
2279
2280
2280
2280
2279
2280
2279
2280
2279
2279
2279
2279
2279
2280
2279
2279
2280
2280
2280
2279
2280
2280
2279
2280
2279
2279
2279
2280
2279
2279
2279
2277
2279
2276
2280
2280
2279
2279
2280
2279
2279
2280
2279
2279
2279
2279
2279
2279
2279
2279
2279
2279
2279
2279
2279
2280
2279
2279
2279
2279
2279
2280
2279
2279
2279
2279
2279
2279
2279
2279
2279
2278
2279
2277
2279
2279
2279
2279
2279
2280
2279
2279
2279
2278
2278
2279
2279
2279
2278
2279
2278
2279
2278
2278
2279
2279
2279
2279
2279
2279
2279
2279
2278
2279
2278
2279
2278
2279
2278
2279
2279
2278
2279
2279
2279
2278
2278
2279
2278
2279
2279
2278
2279
2279
2278
2279
2278
2277
2278
2279
2278
2278
2278
2279
2279
2278
2278
2275
2278
2279
2278
2279
2278
2277
2278
2279
2279
2279
2278
2278
2278
2278
2277
2278
2278
2277
2278
2278
2278
2279
2277
2279
2278
2278
2278
2278
2278
2274
2278
2279
2278
2276
2278
2278
2278
