1728
1726
1725
1724
1724
1722
1721
1720
1720
1718
1718
1718
1717
1715
1715
1714
1715
1714
1714
1713
1714
1712
1712
1713
1713
1713
1713
1712
1712
1713
1714
1714
1714
1714
1716
1716
1717
1717
1718
1718
1719
1720
1721
1722
1724
1725
1726
1727
1728
1730
1730
1732
1733
1734
1736
1737
1738
1740
1741
1743
1745
1746
1748
1750
1751
1753
1755
1757
1758
1761
1763
1764
1767
1769
1771
1773
1776
1778
1780
1783
1785
1787
1789
1791
1793
1795
1796
1798
1802
1805
1808
1810
1812
1814
1816
1819
1820
1822
1825
1827
1829
1831
1833
1835
1837
1840
1842
1844
1846
1848
1850
1852
1854
1856
1858
1859
1861
1863
1865
1867
1869
1870
1872
1873
1876
1877
1879
1881
1882
1884
1885
1887
1888
1889
1890
1892
1893
1895
1896
1897
1898
1899
1900
1901
1903
1903
1904
1905
1905
1906
1907
1908
1908
1908
1909
1909
1910
1910
1908
1910
1911
1910
1911
1911
1911
1910
1910
1911
1910
1910
1910
1909
1909
1908
1908
1907
1907
1905
1903
1904
1904
1903
1901
1901
1901
1898
1897
1896
1894
1893
1892
1890
1889
1887
1886
1884
1883
1881
1880
1877
1876
1874
1872
1871
1867
1867
1865
1863
1861
1858
1856
1855
1853
1850
1848
1845
1843
1841
1839
1836
1834
1832
1831
1828
1826
1824
1821
1817
1815
1812
1810
1807
1805
1803
1801
1799
1797
1794
1792
1790
1787
1785
1783
1781
1779
1777
1775
1773
1771
1769
1767
1765
1765
1761
1760
1757
1757
1754
1753
1751
1749
1747
1745
1744
1742
1741
1739
1737
1736
1735
1734
1732
1733
1730
1729
1727
1726
1724
1724
1723
1722
1720
1720
1719
1718
1717
1717
1717
1716
1715
1714
1714
1714
1714
1713
1713
1713
1713
1713
1713
1713
1713
1714
1714
1714
1714
1711
1714
1715
1716
1716
1717
1718
1718
1719
1720
1720
1722
1723
1723
1725
1726
1728
1728
1730
1731
1732
1733
1735
1736
1737
1739
1740
1742
1743
1745
1747
1749
1751
1752
1754
1756
1758
1759
1761
1764
1765
1767
1769
1772
1774
1776
1780
1781
1783
1785
1788
1790
1792
1793
1796
1797
1799
1802
1806
1808
1808
1813
1815
1817
1819
1821
1823
1825
1827
1829
1831
1834
1836
1838
1841
1842
1845
1847
1849
1850
1853
1855
1856
1858
1857
1862
1864
1865
1867
1869
1871
1873
1874
1876
1878
1879
1881
1882
1884
1885
1887
1888
1890
1891
1893
1894
1893
1896
1897
1898
1900
1901
1903
1902
1904
1904
1905
1905
1907
1907
1908
1908
1909
1909
1910
1910
1912
1911
1911
1911
1911
1911
1913
1910
1911
1910
1911
1910
1909
1909
1909
1909
1908
1908
1907
1907
1905
1905
1905
1903
1902
1901
1901
1899
1898
1896
1896
1894
1892
1891
1889
1888
1887
1885
1884
1882
1881
1879
1877
1875
1873
1872
1870
1868
1866
1864
1862
1860
1858
1856
1854
1852
1849
1847
1845
1843
1840
1838
1836
1833
1832
1829
1827
1825
1823
1819
1817
1813
1811
1808
1807
1804
1802
1800
1798
1796
1793
1791
1789
1787
1785
1782
1781
1777
1776
1774
1773
1770
1768
1766
1764
1762
1760
1759
1757
1755
1753
1752
1750
1748
1747
1745
1745
1741
1741
1738
1737
1736
1735
1733
1733
1730
1730
1728
