3080
2453
1833
1283
856
594
519
646
971
1450
2032
2666
3282
3820
4095
4095
4095
4095
4008
3518
2933
2302
1694
1168
777
559
531
709
1075
1582
2181
2817
3420
3931
4095
4095
4095
4095
3902
3387
2782
2153
1560
1062
710
533
555
782
1188
1723
2337
2972
3555
4036
4095
4095
4095
4095
3785
3245
2629
1991
1418
952
646
519
589
870
1315
1882
2510
3137
3699
4095
4095
4095
4095
4095
3648
3082
2456
1837
1287
858
595
518
644
970
1449
2029
2661
3279
3817
4095
4095
4095
4095
4007
3518
2932
2302
1695
1168
777
558
530
706
1074
1582
2188
2825
3427
3936
4095
4095
4095
4095
3896
3380
2775
2144
1553
1054
706
532
557
789
1197
1734
2349
2982
3564
4043
4095
4095
4095
4095
3765
3221
2603
1976
1406
943
641
518
593
878
1326
1886
2514
3139
3702
4095
4095
4095
4095
4095
3642
3074
2449
1830
1281
854
594
518
647
974
1454
2036
2669
3285
3823
4095
4095
4095
4095
4000
3510
2925
2291
1687
1161
772
557
533
713
1081
1592
2192
2835
3436
3944
4095
4095
4095
4095
3888
3357
2752
2121
1531
1038
696
529
561
797
1210
1747
2365
2997
3578
4054
4095
4095
4095
4095
3764
3219
2600
1973
1402
938
638
518
593
882
1333
1894
2522
3147
3707
4095
4095
4095
4095
4095
3637
3061
2435
1817
1269
846
590
519
652
983
1466
2049
2683
3298
3833
4095
4095
4095
4095
3991
3497
2909
2278
1673
1151
761
552
536
725
1101
1616
2219
2854
3451
3957
4095
4095
4095
4095
3874
3353
2748
2116
1527
1036
693
530
560
799
1215
1753
2372
3005
3584
4057
4095
4095
4095
4095
3759
3211
2593
1967
1397
938
635
517
596
890
1342
1906
2533
3159
3717
4095
4095
4095
4095
4092
3628
3061
2424
1806
1259
840
587
521
657
991
1485
2072
2707
3319
3850
4095
4095
4095
4095
3976
3482
2892
2261
1658
1138
757
550
536
727
1104
1619
2222
2857
3455
3961
4095
4095
4095
4095
3869
3346
2740
2109
1521
1031
691
529
562
802
1218
1765
2385
3016
3595
4065
4095
4095
4095
4095
3748
3201
2581
1956
1387
930
633
517
602
896
1351
1916
2544
3169
3727
4095
4095
4095
4095
4078
3610
3039
2410
1793
1250
834
584
521
663
999
1487
2074
2708
3320
3851
4095
4095
4095
4095
3975
3477
2886
2255
1653
1134
755
547
538
729
1108
1624
2228
2864
3461
3964
4095
4095
4095
4095
3863
3338
2730
2100
1514
1025
687
528
564
808
1226
1768
2397
3027
3604
4073
4095
4095
4095
4095
3729
3178
2557
1932
1367
916
625
518
606
906
1364
1931
2560
3184
3738
4095
4095
4095
4095
4076
3607
3034
2405
1790
1243
829
581
522
666
1006
1494
2083
2717
3328
3858
4095
4095
4095
4095
3973
3468
2874
2242
1640
1125
750
547
538
735
1117
1635
2240
2875
3471
3971
4095
4095
4095
4095
3854
3327
2717
2088
1504
1010
677
524
569
821
1245
1790
2412
3041
3617
4083
4095
4095
4095
4095
3727
3176
2554
1929
1365
914
625
517
607
910
1370
1938
2568
3190
3743
4095
4095
4095
4095
4071
3601
3027
2399
1784
1242
822
578
523
671
1014
1505
2094
2729
3340
3868
4095
4095
4095
4095
3965
3465
2861
2231
1630
1117
744
546
541
741
1134
1656
2264
2898
3490
3987
4095
4095
4095
4095
3840
3312
2701
2071
1488
1006
675
524
570
822
1249
1793
2414
3045
3625
4088
4095
4095
4095
4095
3720
3168
2545
1921
1358
909
622
517
611
912
1379
1948
2578
3201
3752
4095
4095
4095
4095
4065
3592
3017
2388
1774
1233
821
576
523
674
1017
1514
2104
2739
3347
3884
4095
4095
4095
4095
3949
3445
2847
2216
1618
1106
737
543
544
748
1137
1659
2267
2901
3494
3990
4095
4095
4095
4095
3836
3306
2694
2064
1481
1001
673
524
572
826
1253
1800
2422
3052
3626
4094
4095
4095
4095
4095
3710
3158
2535
1913
1351
903
619
517
614
918
1382
1959
2590
3210
3762
4095
4095
4095
4095
4049
3572
2993
2364
1751
1216
809
572
525
681
1030
1526
2120
2754
3362
3884
4095
4095
4095
4095
3946
3442
2845
2213
1610
1100
734
543
545
752
1142
1666
2274
2909
3502
3996
4095
4095
4095
4095
3828
3296
2683
2055
1472
994
669
522
574
832
1263
1811
2434
3064
3635
4095
4095
4095
4095
4095
3704
3148
2524
1901
1330
889
611
517
624
934
1402
1975
2606
3228
3775
4095
4095
4095
4095
4048
3568
2990
2360
1748
1213
807
572
526
685
1035
1533
2127
2760
3369
3890
4095
4095
4095
4095
3944
3436
2842
2207
1608
1093
730
540
546
757
1150
1674
2285
2919
3510
4001
4095
4095
4095
4095
3825
3284
2671
2042
1462
986
665
522
577
846
1282
1834
2458
3085
3655
4095
4095
4095
4095
4095
3690
3132
2509
1885
1327
887
610
517
624
936
1404
1977
2611
3233
3779
4095
4095
4095
4095
4042
3562
2982
2353
1742
1206
803
567
525
686
1044
1545
2138
2773
3380
3900
4095
4095
4095
4095
3933
3422
2827
2194
1598
1090
724
538
549
762
1159
1686
2297
2932
3531
4016
4095
4095
4095
4095
3806
3271
2657
2028
1450
977
659
522
580
848
1284
1837
2461
3089
3659
4095
4095
4095
4095
4095
3686
3126
2501
1879
1322
883
609
517
627
940
1409
1985
2616
3236
3788
4095
4095
4095
4095
4034
3552
2972
2341
1731
1197
797
568
528
691
1046
1552
2149
2782
3390
3907
4095
4095
4095
4095
3916
3405
2803
2172
1577
1075
717
537
550
770
1170
1701
2314
2946
3535
4020
4095
4095
4095
4095
3803
3267
2653
2017
1441
970
655
520
582
853
1291
1845
2467
3097
