2970
4001
4095
4095
4006
3093
2026
1058
495
465
983
1919
2993
3943
4095
4095
4056
3159
2090
1111
518
450
940
1853
2923
3887
4095
4095
4095
3244
2152
1172
545
434
903
1772
2835
3837
4095
4095
4095
3315
2227
1236
576
687
1438
2498
3534
4095
4095
4095
3615
2594
1547
750
406
655
1383
2406
3481
4095
4095
3941
2998
1927
996
473
496
2284
3365
4095
4095
4095
3777
2798
1709
859
431
567
1233
2214
3297
4095
4095
4095
3836
2875
1790
916
442
536
1153
2570
3620
4095
4095
4095
3534
2500
1464
692
400
704
1459
2509
3542
4095
4095
3829
2862
1800
904
443
538
1173
2138
3201
4095
4095
4095
3898
2950
1885
958
496
1060
2016
3082
4019
4095
4095
3988
1841
947
454
522
1124
2084
3154
4059
4095
4095
3942
3005
1936
1013
475
489
1055
1991
3091
4011
4095
4095
4003
3085
1607
790
415
609
1307
2340
3400
4095
4095
4095
3751
2757
1692
826
422
585
2083
3155
4060
4095
4095
3943
3005
1929
1009
476
495
1063
2005
3086
4010
4095
4095
3459
2415
1371
649
400
757
1551
3904
4095
4095
4095
3232
2145
1175
537
439
902
1768
2854
3833
4095
4095
4095
3297
2239
1226
574
425
849
1692
2780
4042
4095
4095
3966
3015
1945
1025
476
485
1035
1986
3055
4003
4095
4095
4018
2123
1154
529
442
926
1804
2870
3867
4095
4095
4095
3281
2194
1213
558
428
1654
2705
3729
4095
4095
4095
3419
2369
605
411
799
1619
2701
3708
4095
4095
4095
3440
2391
1373
651
406
754
1550
2599
3649
4095
4095
4095
3525
2462
1430
490
471
1017
1937
3011
3955
4095
4095
4059
3137
2064
1107
515
452
952
1849
3644
4095
4095
4095
3514
2478
1446
689
402
703
1467
2530
3571
4095
4095
4095
2754
1693
829
423
582
1245
2264
3321
4095
4095
3572
2525
1490
706
402
678
1440
2486
3521
4095
4095
4095
3640
2603
1564
752
408
649
1365
2400
3445
4095
4095
4095
3412
2372
1337
633
410
769
1587
2633
3673
4095
4095
4095
3497
2433
714
404
683
1427
2457
3521
4095
4095
4095
3643
2605
1561
762
408
641
1378
3166
4083
4095
4095
3936
2997
1901
990
577
1240
2262
3327
4095
4095
4095
3826
2825
1764
896
435
549
1180
2153
3245
4095
4095
4095
3884
2927
1837
945
454
741
1528
2573
3607
4095
4095
4095
3546
2512
1449
693
401
696
1474
2509
3551
4095
4095
3810
2831
1764
877
435
549
1199
2177
3245
4095
4095
4095
3874
2916
1027
484
479
1024
1946
3041
3975
4095
3906
2961
1872
972
459
506
1102
2049
3141
4043
4095
4095
3962
3040
1947
1024
478
482
1048
1972
3043
3992
4095
4095
3782
2801
1717
861
431
568
1216
2221
3284
4095
4095
4095
3853
2860
1796
919
542
1167
2135
3231
4095
4095
4095
3896
2948
1859
962
454
512
1100
2073
3148
4095
4095
4095
3427
2377
1354
639
406
1895
2969
3923
4095
4095
4081
3199
2130
1162
532
442
913
1792
2866
3865
4095
4095
4095
3270
2205
1218
569
428
864
2083
3184
4080
4095
4095
3928
2988
1915
997
469
496
1071
2018
3101
4024
4095
4095
3372
2312
1306
610
414
812
1646
2702
3712
4095
4095
4095
3456
2405
1358
410
784
1593
2676
3693
4095
4095
4095
2353
1319
622
410
784
1593
2668
3678
4095
4095
4095
3471
2427
1382
658
397
745
1532
2580
3608
4095
4095
4095
3548
2061
1090
510
460
968
1864
2957
3913
4095
4095
4089
3213
2125
1158
541
441
1627
2699
3708
4095
4095
4095
3433
2387
1350
639
405
766
1565
2606
3654
4095
4095
3808
2834
1771
882
434
548
1178
3492
4095
4095
4095
3680
2641
1587
779
413
618
1322
2356
3415
4095
4095
4095
3751
2731
1666
827
423
584
1272
2269
3692
4095
4095
4095
3474
2425
1393
659
398
738
1543
2596
3627
4095
4095
4095
2705
1643
811
420
598
1280
2281
3346
4095
4095
4095
3783
2793
1726
866
431
1156
2123
3189
4083
4095
4095
3931
2963
899
437
545
1172
2170
3232
4095
4095
4095
3888
2909
1847
952
451
517
1113
2091
3158
4060
4095
4095
3943
3000
1930
716
403
684
1426
2477
3520
4095
4095
4095
3649
2609
1563
750
409
639
1358
3230
4095
4095
4095
3898
2922
1849
947
454
514
1106
2075
3149
4072
4095
4095
3260
2173
1196
558
432
880
1741
2809
4095
4095
3985
3063
1965
1036
485
477
1018
1940
3044
3984
4095
4095
4038
3106
2036
1086
506
456
982
1893
2960
3936
4095
4095
3858
2866
1797
914
445
531
1144
2133
3201
4091
4095
4095
3913
2967
991
470
494
1077
2020
3093
4016
4095
4095
3993
3070
1997
1057
487
474
1011
2732
3739
4095
4095
4095
3426
2349
1342
434
901
1772
2837
3840
4095
4095
4095
3295
2233
1240
576
422
855
1707
2768
3763
4095
4095
4095
3377
2321
1292
607
526
1153
2119
3213
4095
4095
4095
3911
2967
1873
968
465
507
1093
2034
3135
4095
4095
4095
3326
2240
1248
583
420
841
1688
2753
3754
4095
4095
4095
3395
1470
706
401
693
1440
2497
3540
4095
4095
3438
2364
1349
638
410
774
1583
2637
3659
4095
4095
4095
3504
2439
1413
671
399
726
1504
2552
3588
4095
4095
4095
3284
2219
1226
560
429
868
1729
2795
3788
4095
4095
4095
3348
2286
1283
422
835
1678
2739
3767
4095
4095
4095
3406
2326
1316
619
410
794
1609
2664
4095
4095
4095
3852
2881
1789
914
440
1460
2520
3550
4095
4095
4095
3596
2576
1513
736
404
661
1391
2440
3486
4095
4095
4095
3684
2651
1606
777
413
627
1657
2736
3757
4095
4095
4095
3389
2339
1330
617
410
