855
3217
4095
3118
795
860
3221
4095
3114
792
863
3225
4095
3110
789
865
3229
4095
3105
787
869
3234
4095
3101
785
872
3237
4095
3097
765
896
3271
4095
3063
763
896
3275
4095
3059
760
898
3278
4095
3055
758
923
3313
4095
3019
738
926
3317
4095
3015
736
928
3322
4095
3011
734
930
3356
4095
2974
713
955
3361
4095
2968
685
994
3412
4095
2912
683
997
3416
4095
2909
681
1001
3421
4095
2905
680
1003
3422
4095
2900
677
1006
3426
4095
2883
667
1018
3443
4095
2881
666
1020
3445
4095
2877
666
1023
3449
4095
2873
645
1053
3486
4095
2831
643
1057
3489
4095
2825
641
1060
3494
4095
2822
638
1090
3530
4095
2780
622
1092
3533
4095
2724
597
1134
3581
4095
2721
597
1137
3585
4095
2717
595
1140
3589
4095
2714
593
1142
3590
4095
2710
592
1145
3596
4095
2694
585
1157
3608
4095
2689
584
1161
3613
4095
2684
581
1165
3617
4095
2647
566
1195
3650
4095
2642
565
1198
3653
4095
2639
564
1199
3655
4095
2634
550
1231
3688
4095
2597
548
1233
3691
4095
2537
528
1280
3737
4095
2535
527
1281
3741
4095
2530
526
1287
3744
4095
2525
524
1290
3750
4095
2521
522
1294
3764
4095
2503
517
1309
3767
4095
2499
515
1309
3770
4095
2493
514
1315
3774
4095
2455
502
1347
3804
4095
2452
501
1350
3808
4095
2447
501
1353
3810
4095
2405
488
1389
3844
4095
2400
487
1393
3887
4095
2346
473
1441
3889
4095
2340
472
1444
3894
4095
2335
472
1449
3896
4095
2331
470
1453
3900
4095
2327
469
1469
3915
4095
2307
465
1473
3917
4095
2304
464
1475
3920
4095
2301
463
1478
3949
4095
2260
455
1514
3953
4095
2256
453
1519
3956
4095
2252
453
1523
3960
4095
2212
446
1556
3984
4095
2209
446
1607
4025
4095
2153
437
1610
4027
4095
2149
435
1614
4030
4095
2148
435
1618
4032
4095
2143
435
1619
4036
4095
2140
433
1638
4047
4095
2120
432
1641
4051
4095
2114
432
1645
4054
4095
2112
431
1680
4080
4095
2073
426
1681
4083
4095
2070
426
1689
4086
4095
2064
426
1694
4095
4095
2025
422
1730
4095
4095
2021
418
1781
4095
4095
1969
418
1783
4095
4095
1965
417
1789
4095
4095
1960
417
1792
4095
4095
1957
418
1796
4095
4095
1933
417
1818
4095
4095
1928
416
1824
4095
4095
1924
416
1828
4095
4095
1920
415
1868
4095
4095
1880
414
1871
4095
4095
1877
414
1876
4095
4095
1873
414
1908
4095
4095
1841
414
1912
4095
4095
1788
414
1965
4095
4095
1784
414
1969
4095
4095
1778
414
1975
4095
4095
1773
414
1979
4095
4095
1770
414
1984
4095
4095
1748
414
2006
4095
4095
1746
414
2009
4095
4095
1740
414
2012
4095
4095
1709
413
2048
4095
4095
1706
415
2050
4095
4094
1702
416
2055
4095
4092
1698
425
2096
4095
4064
1659
425
2101
4095
4028
1611
432
2153
4095
4026
1607
434
2157
4095
4022
1605
434
2161
4095
4018
1601
432
2163
4095
4017
1598
434
2168
4095
4003
1578
438
2190
4095
4000
1574
439
2193
4095
3997
1571
440
2199
4095
3971
1537
448
2235
4095
3968
1533
449
2240
4095
3963
1528
449
2245
4095
3960
1490
459
2289
4095
3927
1485
460
2293
4095
3890
1441
471
2344
4095
3887
1438
472
2347
4095
3885
1435
473
2351
4095
3881
1431
474
2356
4095
3878
1426
475
2377
4095
3862
1409
481
2382
4095
3859
1403
481
2386
4095
3854
1400
483
2391
4095
3825
1369
493
2429
4095
3821
1365
494
2433
4095
3820
1362
495
2435
4095
3792
1333
506
2472
4095
3788
1329
507
2532
4095
3741
1281
525
2536
4095
3738
1277
526
2539
4095
3733
1273
528
2545
4095
3731
1270
531
2550
4095
3727
1266
537
2572
4095
3709
1248
538
2576
4095
3704
1245
539
2580
4095
3703
1243
542
2609
4095
3678
1218
552
2614
4095
3675
1215
553
2618
4095
3669
1211
554
2622
4095
3636
1180
566
2663
4095
3632
1177
592
2719
4095
3587
1133
594
2724
4095
3580
1130
597
2728
4095
3578
1126
598
2733
4095
3572
1124
599
2735
4095
3571
1110
608
2753
4095
3554
1107
609
2758
4095
3551
1105
610
2762
4095
3548
1102
628
2803
4095
3510
1070
630
2808
4095
3506
1067
633
2813
4095
3503
1063
636
2854
4095
3465
1033
655
2859
4095
3462
996
682
2912
4095
3413
994
682
2916
4095
3412
992
684
2919
4095
3408
989
686
2921
4095
3405
987
688
2925
4095
3386
973
698
2945
4095
3382
970
701
2949
4095
3378
967
703
2954
4095
3374
942
723
2992
4095
3338
939
726
2997
4095
3335
937
726
3000
4095
3332
933
747
3035
4095
3297
910
748
3037
4095
3248
875
779
3091
4095
3242
873
781
3095
4095
3239
871
783
3098
4095
3236
868
786
3103
4095
3232
866
789
3108
4095
3209
851
803
3130
4095
3204
845
805
3135
4095
3201
846
808
3138
4095
3168
824
829
3172
4095
3164
823
830
3174
4095
3161
821
832
3179
4095
3157
798
857
3216
4095
3118
794
859
3222
4095
3064
763
895
3274
4095
3059
761
898
3277
4095
3056
758
901
3281
4095
3051
755
904
3283
4095
3048
754
906
3305
4095
3026
743
920
3310
4095
3023
741
922
3313
4095
3019
739
925
3316
4095
2981
718
950
3353
4095
2977
716
954
3357
4095
2971
713
956
3361
4095
2936
693
983
3397
4095
2929
692
985
3448
4095
2873
662
1026
3451
4095
2871
662
1027
3455
4095
2865
659
1031
3458
4095
2862
658
1034
3461
4095
2858
657
1047
3477
4095
2840
648
1050
3480
4095
2836
646
1052
