2376
2376
2375
2376
2375
2375
2376
2376
2375
2377
2376
2376
2375
2375
2376
2376
2376
2376
2375
2376
2376
2376
2376
2376
2375
2376
2374
2377
2376
2376
2376
2376
2377
2376
2376
2375
2376
2377
2376
2377
2377
2377
2377
2378
2377
2377
2376
2378
2378
2378
2379
2378
2378
2379
2380
2379
2380
2379
2381
2380
2381
2381
2381
2381
2381
2382
2383
2383
2382
2383
2385
2384
2384
2384
2385
2385
2386
2386
2385
2386
2387
2386
2388
2387
2388
2388
2389
2389
2389
2390
2390
2391
2391
2393
2393
2393
2393
2393
2395
2395
2395
2395
2396
2397
2397
2397
2398
2398
2400
2401
2401
2401
2401
2402
2402
2404
2404
2404
2404
2405
2407
2406
2407
2409
2405
2409
2410
2412
2411
2412
2412
2413
2413
2415
2415
2415
2417
2417
2418
2417
2418
2419
2421
2421
2422
2422
2422
2424
2425
2425
2426
2426
2426
2429
2429
2429
2430
2431
2432
2433
2433
2434
2434
2434
2436
2437
2437
2437
2438
2439
2441
2441
2441
2442
2443
2444
2445
2446
2447
2447
2448
2449
2450
2450
2451
2452
2453
2454
2454
2456
2456
2457
2458
2460
2461
2461
2461
2463
2463
2465
2465
2467
2468
2469
2469
2470
2472
2472
2473
2474
2475
2475
2477
2477
2479
2479
2481
2481
2482
2483
2484
2485
2486
2487
2488
2489
2490
2490
2492
2492
2493
2493
2495
2495
2498
2497
2497
2498
2499
2499
2500
2500
2501
2502
2504
2505
2508
2509
2511
2512
2514
2515
2516
2517
2519
2519
2521
2521
2522
2523
2525
2525
2526
2526
2528
2529
2529
2531
2530
2532
2532
2533
2535
2535
2536
2537
2539
2539
2540
2540
2541
2542
2544
2544
2545
2546
2546
2547
2545
2549
2549
2551
2552
2553
2553
2555
2555
2556
2558
2558
2559
2559
2560
2562
2562
2563
2564
2565
2566
2567
2568
2568
2569
2569
2571
2572
2573
2573
2574
2575
2575
2576
2578
2578
2579
2580
2581
2581
2582
2583
2583
2585
2585
2586
2586
2588
2588
2589
2589
2591
2591
2592
2593
2593
2594
2594
2595
2596
2597
2597
2599
2599
2599
2601
2599
2601
2602
2603
2604
2605
2605
2607
2607
2607
2608
2609
2610
2610
2610
2612
2612
2613
2613
2614
2615
2617
2615
2617
2617
2618
2619
2620
2621
2621
2621
2621
2623
2624
2625
2625
2621
2625
2627
2628
2628
2628
2628
2629
2628
2631
2631
2632
2632
2633
2634
2634
2634
2636
2636
2637
2638
2637
2639
2639
2640
2640
2641
2641
2641
2642
2643
2642
2644
2644
2643
2645
2645
2646
2646
2647
2647
2648
2649
2648
2649
2648
2650
2650
2650
2650
2650
2650
2652
2653
2653
2653
2653
2654
2655
2656
2654
2654
2655
2655
2656
2655
2654
2656
2657
2657
2658
2657
2658
2657
2658
2659
2659
2659
2658
2658
2659
2659
2659
2660
2660
2661
2661
2661
2661
2660
2661
2661
2664
2661
2661
2661
2662
2662
2662
2661
2663
2661
2662
2663
2662
2662
2663
2662
2663
2663
2663
2662
2661
2662
2661
2662
2663
2662
2662
2663
2662
2662
2662
2661
2662
2662
2662
2661
2661
2661
2661
2661
2661
2661
2661
2661
2661
2660
2661
2661
2660
2661
2661
2660
2660
2660
2660
2660
2659
2658
2658
2659
2658
2659
2656
2658
2657
2657
2658
2657
2657
2655
2656
2656
2655
2655
2655
2654
2657
2655
2654
2653
2653
2653
2652
2652
2652
2650
2651
2651
2650
2650
2649
2649
2649
2648
2649
2647
2645
2646
2646
2646
2645
2645
2644
2643
2644
2643
2642
2641
2641
2641
2640
2640
2639
2638
2638
2637
2638
2636
2636
2634
2634
2634
2633
2632
2632
2631
2632
2632
2630
2630
2629
2628
2627
2628
2626
2625
2625
2624
2625
2623
2623
2623
2621
2621
2621
2620
2620
2618
2618
2617
2616
2616
2616
2614
2615
2613
2612
2611
2611
2609
2610
2609
2609
2607
2608
2607
2606
2605
2605
2603
2602
2602
2602
2601
2600
2599
2599
2599
2597
2597
2597
2595
2594
2594
2593
2591
2591
2591
2590
2589
2588
2588
2586
2586
2587
2584
2583
2583
2581
2581
2580
2579
2577
2577
2576
2575
2574
2574
2572
2572
2570
2570
2568
2567
2567
2565
2565
2564
2563
2562
2561
2560
2560
2558
2558
2557
2556
2555
2554
2552
2552
2551
2550
2549
2549
2548
2547
2546
2545
2544
2544
2543
2542
2542
2541
2540
2539
2538
2537
2538
2536
2536
2532
2534
2533
2531
2530
2528
2526
2524
2524
2522
2521
2520
2518
2517
2515
2516
2515
2514
2513
2512
2511
2511
2509
2509
2509
2508
2506
2505
2505
2504
2503
2502
2501
2500
2500
2499
2498
2498
2497
2496
2497
2494
2494
2493
2492
2491
2490
2490
2486
2488
2486
2485
2483
2484
2485
2481
2481
2481
2480
2479
2477
2477
2475
2475
2474
2474
2473
2471
2471
2470
2470
2468
2468
2467
2466
2465
2464
2463
2463
2461
2461
2459
2459
2458
2457
2457
2457
2456
2455
2454
2453
2453
2452
2451
2450
2449
2448
2448
2447
2447
2445
2445
2444
2444
2442
2442
2442
2440
2440
2439
2439
2437
2437
2436
2436
2435
2435
2433
2433
2432
2431
2431
2430
2429
2429
2428
2429
2426
2426
2426
2426
2425
2425
2423
2422
2421
2421
2419
2420
2419
2418
2417
2417
2417
2416
2415
2415
2414
2414
2413
2412
2410
2412
2410
2409
2409
2408
2407
2409
2405
2406
2406
2405
2404
2403
2403
2401
2402
2401
2401
2400
2400
2399
2399
2400
2400
2398
2397
2397
2396
2396
2396
2395
2393
2393
2393
2392
2391
2392
2391
2391
2392
2391
2391
2390
2389
2389
2389
2386
2387
2386
2386
2386
2385
2388
2384
2384
2384
2385
2385
2384
2383
2384
2383
2384
2383
2383
2381
2382
2381
2381
2381
2381
2379
2380
2381
2380
2379
2381
2379
2379
2379
2378
2377
2377
2378
2378
2377
2377
2377
2376
2378
2377
2377
2377
2376
2376
2376
2376
2376
2375
2375
2376
2375
2376
2376
2375
2375
2377
2376
2376
2376
2375
2376
2376
2376
