3354
4095
4095
4095
3842
2921
1898
1026
526
517
1028
1901
2929
3858
4095
4095
4095
3341
2329
1362
685
456
756
1498
2492
3489
4095
4095
4095
3714
2761
1744
920
490
566
1146
2061
3090
3972
4095
4095
4046
3198
2175
1237
614
467
852
1649
2661
3634
4095
4095
4095
3587
2607
1603
827
467
625
1266
2225
3247
4084
4095
4095
3931
3037
2009
1094
555
492
962
1809
2834
3778
4095
4095
4095
3437
2432
1451
734
455
702
1408
2387
3397
4095
4095
4095
3808
2879
1848
991
513
531
1065
1951
2982
3891
4095
4095
4095
3301
2283
1326
665
458
787
1549
2549
3540
4095
4095
4095
3679
2717
1703
892
483
582
1179
2102
3130
4009
4095
4095
4010
3147
2122
1195
599
474
891
1705
2724
3687
4095
4095
4095
3532
2544
1548
793
460
651
1317
2276
3295
4095
4095
4095
3894
2989
1962
1074
542
501
987
1846
2872
3806
4095
4095
4095
3403
2395
1418
716
456
721
1437
2433
3439
4095
4095
4095
3771
2831
1812
966
505
544
1093
1989
3022
3920
4095
4095
4086
3252
2232
1283
643
461
810
1603
2614
3592
4095
4095
4095
3630
2657
1649
856
473
605
1226
2162
3188
4043
4095
4095
3975
3098
2071
1156
581
478
912
1738
2760
3715
4095
4095
4095
3503
2509
1515
773
458
666
1345
2310
3327
4095
4095
4095
3857
2943
1917
1042
531
511
1013
1883
2911
3837
4095
4095
4095
3353
2340
1371
690
456
749
1488
2481
3494
4095
4095
4095
3721
2769
1751
925
491
565
1140
2051
3081
3966
4095
4095
4052
3205
2180
1242
623
466
839
1629
2645
3621
4095
4095
4095
3601
2623
1618
837
467
618
1253
2195
3220
4065
4095
4095
3941
3053
2025
1121
565
483
939
1776
2799
3748
4095
4095
4095
3469
2468
1467
745
456
692
1390
2365
3378
4095
4095
4095
3809
2880
1855
997
515
530
1059
1941
2972
3885
4095
4095
4095
3309
2292
1333
669
458
774
1530
2527
3521
4095
4095
4095
3692
2734
1719
902
485
577
1167
2087
3115
3991
4095
4095
4028
3160
2135
1204
604
469
869
1672
2687
3657
4095
4095
4095
3565
2580
1580
811
463
641
1297
2251
3272
4095
4095
4095
3895
2991
1962
1076
545
498
980
1836
2862
3799
4095
4095
4095
3412
2406
1428
722
455
716
1431
2415
3423
4095
4095
4095
3786
2849
1826
976
505
539
1082
1973
3003
3908
4095
4095
4095
3281
2261
1293
648
460
802
1571
2576
3561
4095
4095
4095
3659
2693
1681
877
479
592
1207
2139
3165
4028
4095
4095
3992
3122
2075
1158
582
477
906
1730
2749
3708
4095
4095
4095
3512
2519
1526
778
459
662
1334
2300
3318
4095
4095
4095
3874
2957
1930
1050
535
508
1004
1868
2895
3825
4095
4095
4095
3380
2371
1397
705
456
740
1473
2463
3464
4095
4095
4095
3749
2805
1785
947
498
553
1113
2017
3058
3947
4095
4095
4067
3227
2206
1262
624
465
836
1628
2637
3614
4095
4095
4095
3608
2631
1626
840
469
615
1246
2188
3212
4060
4095
4095
3956
3073
2046
1132
570
481
928
1760
2784
3736
4095
4095
4095
3480
2485
1496
761
457
678
1376
2349
3361
4095
4095
4095
3838
2916
1893
1022
524
518
1032
1909
2937
3856
4095
4095
4095
3333
2318
1353
680
456
772
1525
2523
3516
4095
4095
4095
3701
2745
1730
909
486
574
1158
2076
3104
3982
4095
4095
4035
3181
2158
1224
613
469
858
1658
2671
3644
4095
4095
4095
3578
2597
1596
821
465
628
1274
2222
3256
4089
4095
4095
3924
3029
2002
1105
558
487
954
1797
2822
3766
4095
4095
4095
3435
2431
1449
734
456
703
1410
2410
3417
4095
4095
4095
3792
2855
1831
981
510
537
1078
1967
2997
3904
4095
4095
4095
3286
2267
1313
658
459
788
1556
2561
3547
4095
4095
4095
3673
2711
1697
887
480
585
1186
2112
3138
4007
4095
4095
4002
3135
2109
1185
594
472
884
1696
2713
3678
4095
4095
4095
3542
2540
1545
790
458
653
1319
2279
3298
4095
4095
4095
3874
2965
1939
1057
539
505
999
1860
2888
3819
4095
4095
4095
3388
2380
1405
709
455
730
1453
2441
3449
4095
4095
4095
3763
2821
1799
958
501
547
1102
2000
3029
3927
4095
4095
4078
3244
2220
1274
639
462
815
1593
2600
3584
4095
4095
4095
3638
2667
1659
852
472
608
1231
2169
3195
4047
4095
4095
3957
3073
2047
1138
573
480
924
1755
2779
3731
4095
4095
4095
3487
2490
1500
763
458
675
1361
2329
3343
4095
4095
4095
3848
2931
1904
1032
528
514
1022
1895
2922
3847
4095
4095
4095
3356
2330
1364
686
457
754
1496
2490
3489
4095
4095
4095
3727
2777
1761
929
492
567
1146
2059
3089
3972
4095
4095
4047
3182
2157
1223
613
468
854
1652
2664
3637
4095
4095
4095
3584
2604
1600
825
466
626
1267
2216
3238
4078
4095
4095
3932
3039
2013
1112
561
485
947
1788
2813
3759
4095
4095
4095
3457
2456
1471
738
456
698
1401
2379
3389
4095
4095
4095
3816
2887
1862
1002
517
526
1054
1947
2976
3887
4095
4095
4095
3306
2289
1313
658
459
789
1550
2551
3540
4095
4095
4095
3678
2716
1702
891
482
584
1181
2104
3133
4003
4095
4095
4016
3155
2123
1197
600
472
875
1683
2700
3668
4095
4095
4095
3554
2569
1570
806
462
646
1309
2266
3286
4095
4095
4095
3900
2997
1971
1081
548
496
975
1827
2853
3800
4095
4095
4095
3409
2401
1425
720
456
729
1453
2440
3443
4095
4095
4095
3768
2827
1807
962
503
546
1097
1994
3024
3924
4095
4095
4090
3261
2241
1290
643
461
808
1582
2588
3572
4095
4095
4095
3649
2681
