2152
2186
2235
2220
2171
2127
2117
2161
2211
2228
2197
2164
2116
2131
2180
2224
2237
2194
2149
2132
2172
2205
2251
2244
2193
2157
2143
2185
2233
2255
2218
2187
2145
2161
2213
2247
2266
2227
2180
2163
2202
2236
2284
2271
2225
2197
2183
2225
2277
2293
2257
2226
2185
2202
2252
2287
2302
2267
2220
2205
2247
2282
2322
2309
2263
2226
2223
2265
2319
2337
2299
2255
2237
2253
2302
2347
2344
2306
2257
2242
2286
2332
2359
2346
2303
2256
2272
2308
2360
2376
2337
2295
2276
2289
2340
2391
2372
2343
2294
2281
2321
2362
2388
2376
2328
2278
2309
2337
2389
2405
2364
2325
2302
2315
2364
2413
2385
2360
2309
2298
2341
2384
2406
2391
2342
2293
2323
2349
2394
2415
2371
2329
2312
2327
2376
2423
2394
2364
2310
2296
2340
2382
2397
2381
2336
2285
2310
2345
2396
2408
2360
2316
2301
2315
2359
2410
2385
2346
2294
2281
2324
2366
2378
2356
2311
2257
2276
2319
2367
2379
2334
2288
2273
2291
2331
2381
2357
2310
2261
2246
2290
2330
2345
2318
2280
2225
2239
2285
2327
2336
2293
2246
2225
2249
2288
2337
2320
2269
2221
2207
2247
2289
2304
2271
2234
2183
2197
2244
2289
2299
2253
2201
2183
2211
2244
2290
2276
2223
2179
2165
2208
2254
2269
2230
2196
2146
2157
2206
2243
2255
2215
2164
2145
2180
2212
2256
2241
2188
2152
2133
2169
2221
2238
2200
2166
2120
2133
2184
2213
2228
2186
2135
2120
2155
2190
2230
2216
2168
2138
2121
2160
2209
2224
2185
2140
2111
2124
2175
2211
2218
2180
2131
2114
2153
2197
2220
2207
2161
2120
2121
2162
2213
2231
2191
2149
2126
2140
2186
2235
2224
2187
2138
2125
2167
2210
2237
2228
2179
2130
2150
2183
2234
2251
2211
2172
2150
2168
2217
2270
2245
2217
2168
2153
2198
2239
2265
2254
2207
2161
2191
2221
2273
2290
2248
2209
2187
2204
2254
2306
2277
2255
2208
2195
2241
2286
2306
2292
2245
2197
2229
2260
2312
2332
2291
2250
2235
2254
2303
2353
2327
2296
2245
2234
2281
2327
2344
2327
2288
2240
2265
2305
2357
2370
2328
2285
2273
2295
2340
2395
2372
2334
2286
2274
2318
2364
2378
2357
2318
2266
2290
2338
2388
2402
2360
2316
2301
2325
2364
2418
2399
2353
2307
2299
2341
2387
2404
2379
2342
2289
2304
2354
2401
2412
2369
2324
2309
2338
2375
2423
2409
2359
2312
2300
2344
2389
2404
2373
2340
2290
2304
2355
2398
2408
2362
2313
2295
2324
2361
2409
2394
2344
2303
2289
2330
2378
2392
2352
2319
2270
2281
2332
2366
2383
2338
2288
2269
2305
2337
2378
2364
2310
2277
2257
2297
2345
2358
2320
2286
2240
2251
2300
2328
2339
2297
2246
2228
2265
2308
2336
2319
2269
2231
2220
2256
2304
2319
2276
2230
2202
2218
2261
2300
2298
2257
2205
2183
2222
2261
2285
2268
2223
2175
2184
2217
2265
2280
2237
2193
2165
2175
2221
2268
2246
2216
2165
2148
2187
2226
2250
2233
2183
2130
2154
2181
2230
2245
2202
2161
2137
2151
2197
2245
2214
2186
2136
2119
2160
2202
2223
2209
2158
2108
2139
2165
2215
2226
2183
2140
2121
2135
2183
2234
2205
2176
2127
2113
2154
2196
2212
2198
