2443
2445
2449
2454
2457
2461
2465
2468
2472
2475
2479
2482
2485
2488
2492
2497
2504
2509
2513
2517
2521
2525
2529
2532
2536
2540
2543
2546
2551
2553
2557
2561
2564
2568
2572
2575
2580
2583
2586
2589
2592
2596
2599
2603
2605
2610
2612
2615
2618
2621
2625
2625
2630
2633
2636
2639
2642
2644
2647
2650
2652
2655
2661
2660
2664
2666
2669
2671
2673
2675
2679
2681
2683
2685
2687
2689
2691
2693
2696
2697
2698
2701
2701
2704
2705
2706
2708
2710
2712
2712
2714
2714
2716
2716
2718
2719
2719
2720
2721
2720
2722
2721
2721
2722
2723
2723
2723
2722
2723
2723
2722
2722
2722
2721
2721
2721
2720
2720
2719
2717
2718
2716
2716
2715
2713
2712
2709
2709
2709
2706
2705
2704
2702
2699
2698
2695
2694
2692
2690
2689
2686
2683
2682
2679
2677
2674
2671
2669
2667
2663
2661
2658
2656
2653
2650
2648
2645
2642
2639
2637
2634
2630
2627
2625
2623
2618
2616
2612
2609
2605
2601
2598
2594
2591
2589
2584
2580
2575
2572
2569
2565
2561
2558
2555
2553
2549
2547
2541
2535
2530
2526
2521
2517
2514
2510
2507
2504
2500
2497
2493
2489
2486
2482
2479
2475
2471
2468
2464
2461
2457
2454
2450
2447
2444
2440
2437
2433
2431
2428
2425
2421
2417
2417
2413
2409
2407
2404
2401
2399
2395
2393
2390
2386
2384
2381
2378
2376
2373
2373
2369
2366
2364
2362
2359
2356
2355
2353
2350
2349
2345
2344
2342
2340
2339
2337
2335
2334
2332
2331
2329
2329
2327
2325
2325
2324
2322
2322
2321
2320
2320
2319
2317
2318
2317
2316
2316
2316
2314
2316
2314
2315
2315
2314
2316
2314
2315
2316
2316
2317
2317
2317
2317
2318
2319
2320
2321
2322
2323
2324
2325
2327
2328
2329
2331
2333
2334
2337
2337
2339
2341
2344
2346
2347
2350
2353
2355
2357
2359
2362
2365
2367
2369
2374
2375
2377
2381
2383
2385
2388
2392
2394
2397
2400
2403
2405
2409
2413
2415
2419
2423
2425
2428
2432
2436
2440
2443
2447
2451
2455
2458
2462
2466
2469
2472
2476
2479
2483
2485
2488
2493
2499
2505
2509
2514
2518
2522
2526
2529
2533
2536
2540
2544
2547
2551
2554
2558
2561
2565
2565
2572
2576
2579
2583
2586
2589
2593
2597
2600
2602
2607
2610
2612
2616
2618
2622
2625
2626
2630
2634
2636
2639
2642
2645
2649
2651
2653
2657
2658
2661
2663
2666
2669
2671
2674
2677
2677
2682
2683
2685
2688
2690
2692
2695
2696
2697
2699
2701
2703
2705
2705
2708
2709
2710
2711
2712
2713
2716
2716
2716
2719
2717
2719
2720
2721
2722
2722
2722
2723
2723
2721
2723
2723
2723
2724
2723
2723
2721
2721
2723
2721
2720
2721
2719
2719
2719
2716
2716
2714
2713
2713
2712
2711
2709
2708
2706
2704
2703
2701
2700
2697
2695
2693
2691
2689
2688
2685
2684
2681
2677
2676
2673
2671
2668
2665
2663
2661
2657
2655
2652
2650
