1910
1908
1906
1903
1899
1893
1888
1881
1874
1868
1860
1851
1842
1832
1825
1812
1804
1795
1786
1777
1769
1762
1755
1748
1741
1736
1730
1725
1721
1718
1715
1713
1713
1712
1714
1715
1717
1721
1725
1730
1736
1741
1747
1754
1763
1771
1780
1789
1796
1806
1815
1823
1832
1840
1849
1857
1864
1871
1877
1884
1890
1895
1900
1904
1907
1909
1910
1911
1911
1910
1909
1906
1903
1898
1893
1887
1881
1873
1866
1858
1849
1840
1831
1823
1812
1802
1793
1785
1777
1768
1761
1753
1747
1740
1736
1730
1725
1721
1718
1715
