2202
2199
2196
2193
2190
2187
2185
2182
2180
2177
2174
2173
2171
2169
2168
2165
2163
2162
2161
2160
2158
2157
2157
2155
2155
2154
2155
2153
2153
2152
2153
2153
2153
2153
2154
2154
2155
2155
2156
2157
2158
2159
2162
2162
2164
2165
2167
2169
2171
2174
2176
2178
2181
2183
2186
2189
2192
2195
2197
2201
2204
2207
2210
2213
2217
2220
2224
2228
2232
2236
2240
2244
2248
2251
2255
2258
2262
2268
2273
2277
2281
2286
2290
2294
2298
2301
2306
2309
2313
2317
2321
2324
2329
2332
2336
2339
2344
2345
2350
2353
2355
2358
2361
2364
2368
2370
2370
2376
2378
2381
2385
2386
2389
2392
2393
2396
2398
2400
2401
2403
2405
2406
2408
2408
2410
2411
2412
2413
2414
2413
2415
2414
2415
2414
2413
2415
2413
2413
2412
2412
2411
2410
2409
2408
2406
2405
2403
2401
2400
2398
2396
2394
2392
2389
2387
2385
2378
2379
2377
2373
2371
2368
2365
2362
2359
2356
2353
2349
2345
2342
2338
2335
2330
2326
2322
2318
2315
2311
2308
2305
2300
2294
2290
2286
2282
2279
2275
2271
2267
2263
2259
2255
2252
2248
2244
2241
2237
2233
2230
2227
2223
2220
2217
2213
2210
2207
2205
2201
2199
2195
2193
2190
2187
2184
2183
2180
2177
2175
2173
2171
2169
2167
2165
2163
2162
2160
2160
2157
2157
2156
2155
2154
2154
2153
2153
2153
2153
2152
2152
2153
2153
2154
2154
2154
2155
2156
2157
2158
2160
2160
2162
2164
2167
2168
2171
2172
2174
2177
2178
2182
2184
2187
2190
2192
2195
2199
2201
2204
2208
2210
2214
2217
2221
2225
2229
2233
2239
2241
2245
2248
2253
2256
2259
2263
2269
2274
2279
2283
2287
2290
2295
2298
2303
2306
2310
2314
2318
2322
2326
2329
2335
2336
2339
2343
2347
2350
2353
2356
2359
2361
2365
2368
2372
2373
2377
2379
2382
2385
2387
2390
2389
2394
2396
2398
2399
2401
2404
2405
2407
2407
2409
2410
2412
2412
2413
2413
2414
2413
2414
2414
2414
2414
2413
2413
2413
2412
2411
2411
2410
2408
2404
2406
2407
2403
2401
2399
2398
2395
2393
2391
2389
2386
2384
2381
2379
2376
2373
2370
2368
2364
2361
2358
2355
2352
2348
2345
2341
2337
2333
2330
2325
2321
2318
2314
2310
2307
2304
2298
2293
2289
2285
2281
2278
2274
2270
2266
2263
2258
2255
2251
2247
2244
2240
2236
2233
2229
2226
2223
2219
2216
2213
2209
2207
2204
2201
2198
2196
2192
2189
2187
2184
2181
2180
2177
2172
2173
2170
2168
2167
2165
2163
2161
2160
2159
2158
2157
2156
2155
2154
2154
2151
2153
2153
2153
2153
2153
2153
2153
2154
2154
2154
2155
2157
2157
2159
2160
2161
2162
2164
2167
2164
2170
2172
2175
2177
2179
2181
2184
2187
2189
2193
2196
2199
2201
2205
2208
2211
2215
2218
2222
2226
2229
2233
2237
2242
2246
2249
2253
2257
2260
2265
2270
2275
2279
2286
2287
2292
2296
2299
2303
2307
2311
2314
2319
2322
2326
2330
2333
2337
2340
2344
2347
2351
2353
2357
2359
2363
2366
2369
2371
2374
2378
2380
2383
2385
2388
2390
2393
2395
2397
2400
2401
2403
2404
2406
2406
2408
2409
2410
2412
2412
2413
2413
2414
2414
2415
2414
2414
2414
2413
