3912
3870
3814
3746
3667
3582
3478
3368
3253
3129
2998
2865
2729
2591
2455
2317
2183
2050
1924
1801
1687
1579
1479
1389
1308
1238
1178
1130
1095
1073
1064
1066
1082
1108
1148
1199
1264
1337
1421
1518
1629
1744
1867
1996
2131
2269
2407
2545
2682
2819
2953
3082
3206
3324
3433
3534
3628
3711
3784
3846
3897
3935
3961
3972
3972
3959
3934
3898
3849
3787
3713
3631
3539
3433
3321
3201
3074
2942
2807
2671
2534
2397
2261
2127
1996
1872
1753
1641
1536
1440
1354
1278
1212
1157
1113
1083
1067
1063
1071
1092
1123
1167
1223
1291
1371
1456
1563
1674
1794
1921
2052
2187
2325
2463
2601
2738
2873
3006
3133
3255
3370
3475
3574
3662
3742
3812
3869
3914
3947
3967
3974
3968
3951
3920
3878
3824
3758
3680
3596
3495
3388
3272
3150
3021
2888
2753
2615
2479
2341
2206
2075
1946
1824
1706
1597
1497
1404
1321
1250
1187
1138
1100
1077
1064
1066
1078
1103
1139
1189
1250
1323
1406
1498
1609
1724
1845
1973
2107
2243
2381
2519
2657
2794
2928
3059
3184
3303
3414
3516
3612
3697
3772
3836
3889
3929
3956
3971
3973
3961
3939
3904
3858
3799
3727
3646
3559
3452
3341
3224
3098
2967
2832
2696
2560
2424
2286
2151
2020
1895
1775
1662
1555
1458
1369
1290
1223
1165
1120
1089
1070
1062
1068
1087
1117
1158
1211
1277
1357
1441
1544
1655
1772
1897
2026
2162
2298
2437
2575
2712
2849
2981
3109
3233
3350
3458
3556
3647
3728
3800
3859
3907
3943
3964
3973
3972
3954
3927
3887
3836
3772
3695
3612
3515
3408
3295
3173
3045
2913
2777
2641
2504
2367
2232
2098
1969
1844
1729
1617
1513
1418
1336
1261
1198
1146
1106
1079
1065
1064
1075
1098
1131
1178
1238
1310
1390
1480
1589
1702
1822
1949
2081
2217
2355
2495
2632
2769
2903
3037
3162
3282
3395
3499
3595
3682
3759
3827
3881
3923
3952
3970
3973
3965
3944
3911
3868
3810
3744
3662
3577
3472
3362
3245
3121
2991
2858
2721
2585
2448
2310
2177
2044
1917
1795
1681
1575
1474
1383
1304
1234
1175
1128
1093
1073
1063
1066
1083
1109
1150
1201
1266
1342
1425
1524
1634
1749
1873
2002
2136
2273
2411
2550
2690
2826
2958
3088
3212
3329
3439
3539
3633
3716
3789
3851
3899
3937
3961
3972
3972
3960
3932
3896
3846
3784
3711
3628
3535
3429
3316
3197
3069
2937
2802
2666
2529
2392
2255
2122
1992
1867
1747
1637
1532
1436
1350
1274
1210
1155
1114
1082
1066
1064
1072
1093
1125
1169
1226
1296
1375
1459
1568
1681
1799
1925
2057
2192
2331
2469
2609
2745
2880
3012
3139
3261
3378
3483
3580
3668
3747
3815
3872
3916
3948
3968
3974
3968
3948
3919
3876
3823
3755
3678
3593
3492
3383
3268
3145
3016
2882
2745
2610
2472
2335
2201
2068
1940
1817
1702
1593
1492
1400
1319
1246
1185
1135
1098
1074
1064
1065
1080
1105
1141
1190
1253
1327
1410
1503
1614
1728
1849
1980
2114
2249
2389
2526
2664
2801
2935
3067
3192
3311
3422
3523
3617
3702
3776
3840
3892
3931
3958
3972
3973
3961
3938
3903
3856
3796
3725
3644
3555
3448
3337
3218
3093
2961
2826
2689
2553
2417
2280
2146
2015
1889
1769
1657
1549
1454
1364
1286
1221
1163
1119
1088
1069
1063
1070
1088
1119
1161
1215
1282
1360
1444
1549
1662
1778
1903
2034
2170
2306
2446
2583
2724
2859
2991
3119
3241
3357
3465
3563
3653
3734
3804
3862
3908
3944
3965
3974
3969
3953
3924
3885
3834
3768
3692
3608
3510
3402
3289
3167
3039
2907
2771
2635
2497
2360
2224
2092
1962
1840
1722
1613
1509
1414
1331
1258
1195
1145
1104
1077
1064
1064
1075
1099
1134
1181
1240
1314
1394
1485
1594
1708
1828
1958
2089
2225
2365
2505
2642
2779
2913
3042
3170
3290
3402
3504
3601
3687
3763
3829
3883
3924
3954
3970
3974
3964
3943
3911
3865
3809
3738
3659
3572
3468
3357
3241
3117
2985
2851
2715
2579
2441
2305
2170
2039
1912
1789
1677
1569
1469
1380
1299
1231
1173
1127
1093
1071
1063
1067
1084
1112
1151
1205
1269
1346
1429
1530
1640
1756
1880
2013
2147
2284
2422
2561
2698
2833
2967
3095
3220
3336
3446
3545
3638
3720
3792
3852
3902
3938
3962
3974
3971
3957
3931
3893
3843
3780
3707
3624
3530
3423
3310
3190
3064
2931
2796
2659
2522
2385
2249
2114
1985
1860
1741
1631
1525
1432
1346
1270
1206
1152
1110
1081
1066
1064
1073
1093
1127
1172
1230
1299
1379
1465
1575
1690
1808
1935
2067
2203
2340
2479
2617
2753
2889
3021
3148
3269
3382
3487
3585
3673
3751
3818
3875
3918
3950
3968
3974
3967
3949
3916
3875
3819
3753
3674
3588
3486
3378
3262
3140
3010
2876
2740
2604
2465
2328
2193
2062
1933
1811
1696
1588
1487
1395
1314
1243
1183
1134
1097
1074
1064
1065
1080
1106
1144
1194
1257
1330
1416
1512
1622
1736
1859
1989
2122
2259
2396
2536
2673
2809
2943
3072
3197
3316
3426
3527
3621
3704
3779
3842
3893
3933
3958
3972
3972
3960
3936
3900
3854
3793
3721
3640
3549
3443
3331
3213
3087
2956
2818
2683
2546
2408
2272
2139
2007
1882
1762
1650
1545
1448
1360
1283
1216
1161
1118
1086
1068
1064
1070
1090
1121
1163
1220
1288
1366
1451
1557
1668
1786
1912
2042
2177
2316
2453
2592
2729
2864
2996
3124
3247
3362
3470
3566
3656
3737
3807
3865
3912
3944
3966
3975
3969
3952
3923
3883
3831
3765
3688
3604
3506
3397
3283
3161
3032
2900
2761
2627
2489
2353
2218
2085
1956
1832
1717
1607
1505
1411
1328
1253
1192
1142
1102
1077
1064
1065
1077
1101
1137
1185
1246
1318
1400
1492
1602
1715
1837
1965
2098
2234
2372
2509
2648
2784
2919
3049
3174
3295
3407
3510
3604
3691
3767
3832
3886
3926
3955
3970
3974
3963
3942
3908
