2209
2209
2208
2207
2207
2206
2205
2205
2204
2204
2204
2203
2203
2202
2202
2202
2202
2201
2201
2201
2201
2201
2199
2200
2201
2201
2201
2201
2201
2201
2201
2201
2202
2201
2202
2202
2203
2203
2203
2203
2204
2205
2205
2205
2206
2207
2207
2208
2208
2209
2209
2211
2212
2212
2213
2215
2212
2216
2217
2218
2219
2220
2221
2222
2224
2225
2225
2227
2228
2229
2231
2231
2233
2234
2235
2237
2238
2239
2241
2241
2244
2245
2246
2247
2249
2250
2252
2253
2255
2257
2260
2260
2262
2264
2265
2266
2268
2269
2271
2271
2273
2275
2278
2281
2283
2285
2288
2289
2292
2294
2296
2297
2300
2301
2305
2306
2309
2311
2313
2315
2317
2319
2321
2323
2325
2327
2329
2331
2333
2335
2337
2338
2340
2341
2343
2345
2347
2349
2351
2352
2353
2355
2357
2358
2359
2361
2362
2364
2365
2366
2368
2369
2369
2371
2372
2373
2375
2375
2376
2376
2377
2377
2379
2379
2379
2380
2379
2381
2381
2381
2382
2382
2382
2381
2382
2382
2382
2381
2381
2381
2381
2381
2381
2380
2379
2378
2378
2377
2376
2376
2375
2375
2373
2372
2372
2371
2369
2368
2367
2365
2365
2363
2362
2361
2359
2357
2356
2354
2353
2351
2350
2349
2347
2345
2344
2341
2340
2338
2337
2334
2333
2331
2329
2327
2325
2323
2320
2319
2317
2314
2312
2310
2308
2305
2304
2302
2300
2298
2297
2295
2291
2289
2287
2284
2282
2281
2279
2277
2276
2275
2273
2272
2273
2269
2268
2265
2263
2262
2261
2260
2257
2256
2256
2253
2253
2251
2250
2248
2247
2245
2244
2243
2241
2241
2239
2237
2237
2236
2234
2233
2232
2230
2230
2228
2227
2226
2225
2225
2219
2222
2220
2220
2218
2218
2217
2215
2215
2214
2213
2212
2212
2211
2210
2209
2208
2209
2207
2207
2206
2205
2205
2205
2204
2204
2203
2203
2202
2202
2202
2202
2201
2201
2201
2201
2201
2201
2201
2201
2200
2201
2201
2201
2201
2201
2201
2201
2201
2201
2202
2201
2203
2202
2204
2204
2204
2205
2205
2206
2206
2207
2207
2208
2209
2209
2210
2211
2211
2213
2214
2215
2216
2217
2218
2218
2220
2221
2221
2223
2224
2225
2227
2228
2228
2229
2231
2232
2233
2234
2236
2237
2239
2239
2241
2242
2244
2245
2247
2248
2250
2251
2253
2254
2256
2258
2259
2261
2263
2264
2266
2267
2268
2269
2271
2272
2273
2276
2280
2282
2285
2286
2285
2290
2292
2295
2297
2298
2301
2303
2305
2307
2311
2312
2314
2316
2318
2320
2322
2324
2327
2328
2330
2332
2333
2335
2337
2339
2341
2343
2344
2346
2347
2349
2351
2353
2350
2355
2357
2359
2360
2361
2363
2365
2366
2367
2369
2369
2370
2371
2372
2373
2374
2375
2376
2376
2378
2377
2378
2380
2380
2380
2380
2381
2380
2381
2381
2381
2381
2382
2380
2382
2384
2381
2381
2381
2381
2380
2378
2379
2380
2378
2378
2377
2376
2376
2375
2374
2373
2372
2371
2369
2369
2367
2367
2365
2364
2362
2361
2360
2361
2357
2357
2354
2352
2351
2349
2348
2346
2344
2340
2341
2340
2338
2336
2334
2332
2330
2329
2326
2324
2322
2320
2318
2316
2313
2312
2309
2304
2305
2303
2301
2299
2297
2296
2293
2290
2287
2286
2284
2282
2280
