2720
2789
2857
2924
2988
3052
3113
3171
3229
3282
3332
3380
3425
3465
3502
3536
3566
3591
3614
3632
3645
3653
3658
3657
3654
3645
3632
3614
3593
3568
3539
3507
3472
3431
3387
3339
3288
3236
3183
3119
3055
2989
2923
2855
2785
2713
2640
2569
2497
2428
2357
2288
2221
2153
2087
2023
1961
1902
1845
1789
1737
1688
1643
1600
1561
1525
1493
1464
1441
1420
1405
1392
1384
1382
1382
1388
1398
1412
1431
1453
1480
1509
1542
1578
1620
1666
1714
1765
1817
1874
1941
2007
2074
2142
2212
2284
2356
2429
2501
2573
2645
2716
2785
2853
2919
2984
3047
3108
3169
3225
3278
3329
3378
3422
3463
3499
3534
3564
3590
3612
3630
3644
3652
3658
3659
3653
3645
3632
3615
3594
3569
3540
3508
3472
3432
3388
3340
3289
3236
3183
3121
3055
2990
2925
2856
2786
2716
2644
2571
2499
2430
2359
2291
2222
2152
2089
2027
1963
1903
1846
1791
1738
1690
1645
1602
1562
1527
1494
1466
1441
1421
1404
1393
1385
1381
1382
1388
1397
1413
1430
1453
1477
1507
1539
1577
1618
1664
1712
1762
1815
1873
1938
2005
2071
2140
2209
2281
2354
2428
2500
2573
2644
2715
2783
2851
2917
2983
3046
3107
3167
3224
3277
3329
3377
3421
3461
3498
3532
3563
3590
3611
3629
3643
3652
3658
3657
3654
3645
3635
3616
3595
3570
3541
3508
3473
3435
3391
3342
3292
3239
3186
3123
3059
2993
2928
2859
2791
2719
2647
2575
2503
2433
2363
2293
2225
2158
2092
2028
1967
1906
1847
1793
1739
1692
1645
1602
1563
1526
1495
1466
1443
1420
1405
1394
1386
1381
1382
1387
1398
1411
1430
1451
1477
1506
1538
1576
1616
1662
1710
1761
1814
1870
1936
2001
2068
2136
2207
2278
2351
2423
2496
2569
2641
2711
2779
2847
2914
2979
3041
3105
3164
3220
3275
3326
3375
3418
3459
3498
3532
3562
3588
3609
3630
3643
3652
3658
3655
3654
3647
3633
3616
3595
3570
3543
3510
3474
3436
3392
3344
3294
3241
3188
3126
3060
2997
2929
2863
2793
2721
2649
2577
2506
2436
2365
2295
2227
2161
2096
2031
1969
1909
1850
1796
1743
1694
1648
1603
1565
1529
1497
1467
1442
1421
1406
1393
1385
1381
1381
1389
1397
1410
1428
1450
1476
1505
1538
1573
1615
1659
1709
1758
1812
1869
1934
2000
2066
2135
2205
2277
2348
2421
2494
2567
2637
2708
2777
2845
2911
2978
3041
3103
3162
3219
3273
3325
3373
3417
3460
3496
3530
3560
3585
3610
3628
3643
3651
3657
3658
3655
3647
3634
3617
3596
3572
3544
3512
3476
3437
3394
3346
3297
3243
3191
3129
3065
2998
2933
2865
2792
2724
2651
2580
2509
2437
2366
2297
2229
2162
2096
2032
1970
1910
1852
1797
1744
1695
1649
1605
1566
1530
1498
1469
1444
1423
1406
1394
1386
1382
1383
1387
1396
1410
1428
1449
1474
1504
1536
1572
1613
1658
1706
1757
1809
1865
1931
1997
2063
2132
2201
2273
2345
2418
2491
2563
2634
2704
2774
2841
2909
2975
3038
3101
3161
3217
3271
3322
3370
3416
3458
3494
3529
3559
3588
3609
3628
3641
3652
3657
3659
3655
3648
3635
3617
3596
3573
3544
3514
3478
3438
3396
3350
3297
3247
3192
3131
3066
3001
2935
2867
2798
2727
2655
2583
2511
2443
2370
2303
2232
2166
2099
2035
1973
1913
1855
1800
1746
1697
1650
1609
1568
1531
1499
1470
1445
1425
1406
1395
1385
1381
1383
1388
1397
1410
1427
1448
1474
1502
1535
1571
1612
1657
1705
1755
1808
1863
1929
1994
2061
2128
2199
2270
2342
2416
2488
2560
2631
2702
2772
2839
2906
2973
3036
3099
3158
3213
3269
3320
3369
3414
3456
3493
3527
3560
3585
3607
3626
3642
3651
3657
3659
3655
3648
3634
3619
3599
3574
3546
3514
3478
3441
3394
3350
3299
3247
3194
3132
3067
3002
2937
2869
2800
2728
2657
2585
2513
2441
2372
2303
2235
2167
2101
2037
1976
1916
1857
1801
1748
1699
1653
1610
1568
1531
1500
1470
1445
1424
1408
1395
1387
1383
1382
1386
1395
1410
1426
1448
1473
1500
1533
1570
1610
1654
1703
1753
1806
1859
1925
1992
2058
2125
2196
2268
2341
2413
2486
2558
2630
2700
2769
2839
2906
2971
3035
3098
3156
3213
3267
3319
3368
3413
3454
3491
3526
3556
3584
3607
3627
3640
3651
3657
3659
3655
3648
3636
3619
3599
3575
3548
3515
3480
3442
3399
3351
3302
3250
3196
3137
3071
3008
2940
2872
2803
2732
2660
2588
2516
2445
2376
2307
2237
2171
2105
2041
1979
1918
1859
1803
1749
1701
1655
1610
1569
1534
1500
1471
1445
1425
1408
1395
1386
1382
1381
1387
1395
1409
1426
1447
1472
1500
1533
1569
1609
1653
1701
1751
1804
1857
1924
1989
2056
2125
2194
2265
2338
2410
2482
2554
2627
2697
2766
2834
2901
2967
3032
3093
3153
3211
3265
3317
3364
3411
3452
3489
3524
3556
3583
3606
3625
3641
3651
3657
3658
3656
3649
3636
3620
3600
3576
3547
3516
3481
3443
3400
3353
3303
3250
3197
3137
3073
3008
2943
2874
2806
2734
2663
2590
2519
2447
2378
2308
2240
2173
2108
2043
1980
1919
1860
1805
1753
1704
1656
1612
1572
1536
1502
1473
1447
1426
1409
1395
1387
1382
1382
1385
1395
1408
1422
1445
1470
1498
1531
1566
1607
1651
1699
1749
1802
1852
1921
1987
2053
2122
2193
2264
2334
2408
2481
2553
2622
2696
2764
2833
2901
2966
3030
3092
3151
3209
3264
3316
3363
3410
3451
3489
3523
3554
3582
3605
3626
3641
3652
3657
3659
3656
3648
3637
3621
3600
3576
3549
3519
3484
3445
3402
3356
3305
3254
3201
3140
3076
3011
2945
2876
2809
2737
2666
2592
2521
2450
2380
2312
2243
2176
2111
2045
1981
1921
1863
1808
1754
1704
1656
1613
1574
1537
1502
1473
1447
1426
1410
1396
1387
1382
1381
1388
1394
1407
1423
1445
1469
1498
1529
1565
1605
1649
1697
1746
1799
1852
1917
