2197
2198
2199
2201
2202
2204
2206
2207
2209
2210
2212
2214
2216
2217
2217
2221
2223
2225
2226
2228
2231
2232
2234
2237
2239
2241
2243
2245
2249
2249
2253
2255
2257
2259
2262
2264
2266
2267
2269
2273
2277
2279
2282
2284
2287
2289
2292
2293
2296
2298
2300
2303
2305
2307
2309
2312
2313
2316
2318
2320
2322
2324
2326
2328
2330
2332
2336
2335
2337
2339
2341
2343
2345
2346
2348
2350
2352
2353
2355
2357
2359
2360
2361
2362
2365
2365
2369
2368
2369
2370
2372
2373
2375
2376
2376
2377
2378
2379
2380
2380
2381
2382
2382
2383
2386
2384
2385
2384
2385
2385
2384
2385
2385
2385
2385
2385
2385
2384
2384
2383
2384
2384
2383
2382
2382
2381
2381
2380
2379
2378
2377
2377
2375
2375
2373
2372
2371
2370
2369
2367
2366
2364
2363
2361
2360
2358
2357
2355
2354
2351
2350
2349
2346
2345
2343
2341
2340
2337
2336
2333
2331
2329
2327
2325
2322
2320
2319
2316
2314
2311
2309
2307
2305
2302
2301
2299
2297
2294
2290
2287
2285
2283
2280
2278
2276
2273
2271
2269
2268
2265
2261
2261
2259
2257
2254
2252
2250
2247
2245
2243
2241
2239
2238
2235
2234
2232
2230
2228
2227
2225
2223
2221
2219
2218
2216
2214
2212
2212
2209
2208
2206
2205
2203
2201
2201
2199
2198
2196
2196
2194
2193
2192
2191
2190
2189
2188
2187
2187
2186
2185
2185
2185
2184
2183
2183
2182
2182
2182
2182
2181
2182
2181
2181
2181
2181
2181
2182
2182
2182
2183
2183
2183
2185
2184
2185
2185
2186
2187
2188
2189
2189
2191
2191
2193
2194
2195
2196
2197
2199
2201
2202
2203
2204
2206
2209
2209
2213
2212
2215
2216
2218
2220
2222
2223
2225
2226
2229
2231
2233
2234
2237
2240
2243
2244
2247
2249
2251
2253
2256
2257
2260
2262
2265
2266
2268
2271
2275
2277
2281
2283
2285
2288
2290
2292
2295
2297
2299
2301
2305
2305
2307
2310
2312
2314
2316
2319
2321
2323
2325
2327
2329
2331
2333
2335
2336
2338
2340
2341
2343
2345
2348
2349
2350
2352
2354
2356
2357
2359
2360
2361
2364
2365
2367
2368
2369
2370
2371
2372
2373
2374
2376
2376
2378
2378
2381
2380
2381
2381
2383
2383
2383
2384
2384
2384
2385
2385
2385
2385
2385
2385
2386
2385
2385
2384
2385
2384
2384
2384
2383
2383
2383
2382
2381
2381
2380
2378
2378
2377
2376
2375
2375
2373
2372
2370
2369
2367
2364
2365
2364
2362
2361
2359
2357
2356
2354
2353
2351
2349
2348
2346
2344
2342
2340
2338
2337
2335
2333
2331
2329
2327
2324
2321
2320
2317
2315
2312
2310
2308
2306
2304
2304
2300
2298
2296
2292
2289
2286
2284
2281
2279
2277
2275
2273
2271
2269
2266
2264
2262
2260
2257
2256
2253
2251
2249
2247
2245
2242
2241
2239
2237
2234
2233
2231
2229
2228
2225
2224
2222
2221
2218
2217
2216
2214
2212
2211
2209
2207
2206
2204
2203
2201
2199
2199
2197
2196
2194
2194
2193
2192
2191
2189
2189
2188
2187
2189
2185
2185
2185
2181
2184
2183
2183
2183
2183
2182
2181
2181
2181
2181
2181
2182
2181
2182
2181
2182
2183
2183
2184
2184
2184
2183
2185
2186
2186
2187
2188
2189
2189
2191
2192
