3080
1370
4095
551
4095
483
4095
1194
3284
2400
1991
3648
897
4095
404
4095
746
3865
1741
2664
3028
1405
4095
566
4095
473
4095
1161
3326
2327
2062
3585
945
4095
417
4095
708
3920
1676
2738
2961
1467
4073
595
4095
446
4095
1071
3434
2239
2149
3509
1006
4095
425
4095
662
3986
1592
2827
2873
1632
3945
679
4095
425
4095
979
3551
1995
2397
3286
1187
4095
480
4095
557
4095
1378
3070
2625
1775
3830
762
4095
409
4095
877
3685
1956
2439
3247
1219
4095
499
4095
529
4095
1315
3141
2551
1844
3771
804
4095
405
4095
831
3746
1796
2606
3086
1355
4095
545
4095
490
4095
1209
3269
2418
1975
3661
887
4095
413
4095
720
3900
1698
2711
2985
1447
4002
642
4095
436
4095
1033
3483
2184
2204
3460
1043
4095
437
4095
638
4023
1546
2882
2819
1596
3972
661
4095
430
4095
984
3542
2116
2273
3399
1094
4095
449
4095
608
4070
1485
2947
2750
1658
3864
738
4095
414
4095
904
3649
1997
2396
3287
1186
4095
478
4095
557
4095
1311
3150
2545
1851
3767
810
4095
405
4095
764
3841
1771
2632
3063
1378
4095
554
4095
480
4095
1187
3294
2390
1999
3640
902
4095
408
4095
740
3871
1733
2710
2985
1445
4090
585
4095
461
4095
1126
3366
2313
2076
3573
955
4095
418
4095
665
3982
1598
2823
2876
1545
4014
634
4095
439
4095
1045
3468
2201
2188
3395
1097
4095
451
4095
605
4075
1479
3065
2629
1770
3834
760
4095
410
4095
880
3683
1958
2435
3247
1219
4095
489
4095
542
4095
1343
3109
2588
1811
3798
806
4095
406
4095
830
3749
1881
2516
3174
1283
4095
513
4095
515
4095
1280
3272
2417
1976
3659
889
4095
405
4095
752
3855
1754
2651
3043
1394
4095
561
4095
460
4095
1125
3368
2311
2078
3572
1042
4095
436
4095
638
4022
1547
2879
2822
1595
3976
659
4095
430
4095
1005
3517
2148
2244
3426
1073
4095
444
4095
605
4072
1480
2951
2745
1663
3920
697
4095
420
4095
956
3584
2073
2318
3357
1188
4095
479
4095
557
4095
1379
3070
2628
1773
3830
761
4095
410
4095
878
3748
1880
2517
3172
1282
4095
513
4095
482
4095
1188
3293
2393
1998
3643
902
4095
408
4095
742
3871
1734
2673
3020
1413
4095
570
4095
470
4095
1154
3332
2311
2080
3569
958
4095
419
4095
698
3934
1658
2756
2941
1485
4060
604
4095
439
4095
1045
3466
2202
2189
3475
1031
4095
434
4095
644
4010
1561
2864
2835
1663
3922
698
4095
420
4095
954
3582
1962
2432
3252
1216
4095
489
4095
543
4095
1346
3104
2589
1808
3801
781
4095
407
4095
854
3715
1922
2475
3209
1249
4095
510
4095
517
4095
1285
3176
2516
1878
3742
825
4095
404
4095
810
3777
1773
2631
3062
1377
4095
553
4095
481
4095
1187
3292
2391
1999
3640
902
4095
418
4095
702
3927
1665
2748
2951
1478
3984
654
4095
431
4095
1016
3507
2158
2232
3435
1064
4095
442
4095
625
4044
1519
2910
2790
1622
3954
675
4095
426
4095
960
3577
2080
2311
3365
1122
4095
458
4095
590
4095
1450
2988
2712
1695
3834
760
4095
410
4095
880
3681
1961
2435
3250
1217
4095
489
4095
542
4095
1274
3189
2502
1893
3730
834
4095
403
4095
740
3872
1732
2675
3019
1413
4095
570
4095
470
4095
1154
3333
2346
2042
3601
931
4095
414
4095
717
3904
1691
2762
2933
1490
4059
606
4095
451
4095
1090
3414
2264
2126
3530
990
4095
425
4095
641
4016
1553
2871
2826
1588
3980
656
4095
431
4095
1011
3512
2153
2235
3360
1127
4095
459
4095
589
4095
1445
3112
2583
1817
3796
786
4095
406
4095
849
3721
1915
2483
3204
1257
4095
503
4095
525
4095
1307
3154
2540
1856
3763
832
4095
403
4095
803
3785
1839
2562
3129
1321
4095
529
4095
501
4095
1241
3305
2380
2009
3632
910
4095
410
4095
734
3882
1722
2688
3010
1424
4095
574
4095
452
4095
1091
3408
2270
2121
3535
1068
4095
443
4095
621
4048
1513
2915
2784
1631
3947
678
4095
425
4095
977
3551
2107
2281
3391
1102
4095
452
4095
587
4095
1445
2992
2705
1702
3890
718
4095
416
4095
928
3619
2033
2359
3320
1225
4095
492
4095
538
4095
1336
3119
2577
1821
3792
790
4095
408
4095
846
3786
1836
2562
3129
1320
4095
529
4095
467
4095
1146
3342
2337
2053
3595
937
4095
416
4095
712
3913
1685
2727
2969
1461
4079
592
4095
458
4095
1114
3382
2257
2129
3524
993
4095
426
4095
672
3972
1611
2809
2889
1531
4024
627
4095
430
4095
1006
3517
2148
2245
3425
1073
4095
445
4095
617
4051
1509
2923
2776
1713
3880
726
4095
414
4095
918
3630
1902
2497
3193
1265
4095
507
4095
522
4095
1294
3164
2527
1867
3755
818
4095
404
4095
818
3765
1863
2536
3155
1299
4095
530
4095
499
4095
1237
3232
2456
1935
3695
862
4095
401
4095
776
3822
1723
2685
3011
1424
4095
574
4095
468
4095
1147
3343
2340
2052
3596
938
4095
426
4095
672
3970
1613
2807
2891
1529
3946
680
4095
425
4095
978
3553
2105
2285
3389
1104
4095
452
4095
601
4079
1473
2961
2738
1670
3914
702
4095
420
4095
927
3621
2030
2361
3317
1161
4095
470
4095
570
4095
1406
3036
2661
1743
3788
793
4095
406
4095
845
3729
1904
2493
3196
1264
4095
506
4095
522
4095
1234
3237
2453
1940
3690
864
4095
402
4095
710
3916
1680
2731
2964
1462
4076
593
4095
457
4095
1111
3386
2292
2096
3554
968
4095
421
4095
688
3945
1641
2811
2888
1533
4024
627
4095
441
4095
1054
3457
2216
