4095
3164
985
578
2426
4095
4095
2066
469
1256
3498
4095
3305
1079
530
2294
4095
4095
2196
502
1153
3378
4095
3426
1191
486
2144
4095
4095
2316
541
1063
3267
4095
3533
1286
458
2027
4095
4095
2468
598
959
3125
4095
3631
1383
435
1916
4076
4095
2581
647
885
3014
4095
3755
1512
417
1772
3972
4095
2704
707
810
2894
4095
3851
1622
416
1704
3919
4095
2804
759
753
2795
4095
3928
1714
419
1568
3805
4095
2949
844
674
2644
4095
4033
1855
431
1436
3694
4095
3086
930
611
2507
4095
4095
1988
452
1321
3566
4095
3231
1033
552
2387
4095
4095
2104
477
1224
3462
4095
3342
1120
512
2237
4095
4095
2252
519
1134
3356
4095
3448
1209
480
2121
4095
4095
2324
544
1057
3260
4095
3539
1294
456
2019
4095
4095
2473
601
954
3117
4095
3667
1418
429
1873
4047
4095
2625
660
868
2987
4095
3776
1537
416
1748
3954
4095
2758
734
778
2840
4095
3892
1645
417
1636
3864
4095
2879
801
713
2720
4095
3981
1784
424
1502
3744
4095
2996
872
654
2601
4095
4062
1896
437
1438
3686
4095
3097
938
607
2497
4095
4095
1998
454
1312
3558
4095
3240
1041
547
2345
4095
4095
2146
488
1192
3424
4095
3366
1141
504
2209
4095
4095
2282
528
1090
3299
4095
3501
1259
465
2061
4095
4095
2400
572
1004
3189
4095
3604
1355
441
1945
4095
4095
2550
633
904
3075
4095
3703
1457
420
1831
4016
4095
2625
667
857
2972
4095
3790
1550
416
1731
3941
4095
2776
745
768
2823
4095
3905
1687
418
1594
3827
4095
2925
830
695
2687
4095
4006
1816
427
1472
3718
4095
3059
913
624
2536
4095
4095
1962
442
1372
3619
4095
3173
992
574
2417
4095
4095
2076
473
1247
3486
4095
3316
1079
530
2295
4095
4095
2196
502
1152
3421
4095
3385
1156
499
2191
4095
4095
2301
536
1075
3282
4095
3519
1274
461
2041
4095
4095
2452
591
967
3138
4095
3635
1386
434
1911
4072
4095
2586
650
881
3007
4095
3759
1517
417
1767
3968
4095
2706
707
808
2892
4095
3852
1624
416
1657
3880
4095
2856
789
723
2741
4095
3946
1739
421
1543
3783
4095
2981
832
685
2664
4095
4019
1836
428
1453
3700
4095
3081
928
613
2514
4095
4095
1983
451
1326
3571
4095
3226
1030
553
2376
4095
4095
2113
481
1215
3451
4095
3354
1130
509
2224
4095
4095
2266
526
1122
3342
4095
3462
1223
477
2105
4095
4095
2386
567
1014
3200
4095
3595
1347
450
1986
4095
4095
2509
615
931
3084
4095
3659
1410
430
1883
4053
4095
2617
663
862
2980
4095
3782
1544
416
1737
3946
4095
2768
741
773
2828
4095
3901
1670
417
1611
3843
4095
2906
818
698
2691
4095
4000
1812
426
1475
3720
4095
3024
891
638
2570
4095
4084
1928
442
1370
3619
4095
3172
992
574
2416
4095
4095
2050
465
1270
3511
4095
3290
1081
547
2342
4095
4095
2149
489
1189
3422
4095
3384
1156
499
2191
4095
4095
2300
535
1076
3281
4095
3520
1274
461
2040
4095
4095
2437
582
979
3152
4095
3637
1389
434
1908
4071
4095
2589
651
880
3033
4095
3739
1495
417
1790
3986
4095
2715
711
804
2883
4095
3861
1632
417
1673
3894
4095
2839
779
734
2759
4095
3917
1705
419
1579
3813
4095
2943
840
678
2655
4095
4026
1846
430
1442
3691
4095
3090
935
609
2501
4095
4095
1993
450
1332
3576
4095
3220
1026
555
2367
4095
4095
2124
483
1207
3443
4095
3361
1114
515
2245
4095
4095
2245
517
1114
3331
4095
3472
1232
473
2094
4095
4095
2369
560
1025
3217
4095
3581
1332
446
2019
4095
4095
2476
602
953
3115
4095
3670
1422
429
1871
4044
4095
2629
670
854
2966
4095
3794
1556
417
1727
3937
4095
2767
741
770
2829
4095
3900
1682
418
1598
3830
4095
2921
826
690
2677
4095
3989
1796
422
1492
3734
4095
3038
899
633
2555
4095
4093
1941
444
1357
3634
4095
3156
980
581
2434
4095
4095
2011
457
1299
3544
4095
3256
1053
542
2329
4095
4095
2162
493
1178
3409
4095
3396
1166
495
2175
4095
4095
2314
540
1077
3284
4095
3516
1271
461
2045
4095
4095
2448
590
970
3141
4095
3646
1398
436
1923
4080
4095
2574
644
889
3021
4095
3750
1506
417
1777
3976
4095
2727
702
814
2902
4095
3844
1614
416
1666
3922
4095
2801
759
753
2796
4095
3926
1713
419
1570
3805
4095
2952
845
675
2645
4095
4032
1856
431
1436
3683
4095
3085
929
612
2509
4095
4095
1985
451
1321
3569
4095
3229
1033
552
2355
4095
4095
2105
478
1224
3461
4095
3343
1122
512
2236
4095
4095
2255
521
1108
3324
4095
3449
1211
481
2120
4095
4095
2373
544
1056
3257
4095
3541
1297
454
2015
4095
4095
2479
602
952
3112
4095
3672
1424
429
1869
4043
4095
2630
670
855
2979
4095
3783
1545
416
1737
3946
4095
2769
739
772
2830
4095
3900
1681
418
1629
3856
4095
2887
806
706
2710
4095
3988
1793
425
1492
3736
4095
3037
898
648
2589
4095
4072
1910
439
1387
3635
4095
3107
945
602
2487
4095
4095
2008
456
1304
3548
4095
3250
1049
544
2335
4095
4095
2155
491
1184
3415
4095
3390
1149
501
2199
4095
4095
2291
533
1082
3290
4095
3512
1267
463
2051
4095
4095
2416
578
993
3172
4095
3619
1370
438
1928
4085
4095
2568
641
892
3027
4095
3714
1468
418
1820
4008
4095
2683
696
848
2957
4095
3802
1565
416
1718
3930
4095
2791
752
759
2808
4095
3917
1703
419
1580
3814
4095
2941
837
680
2657
4095
4015
1828
429
1458
3706
4095
3074
922
616
2520
