2299
2346
2314
2289
2241
2228
2269
2313
2333
2314
2269
2217
2250
2276
2326
2338
2295
2254
2237
2253
2303
2351
2318
2289
2240
2226
2269
2311
2327
2311
2265
2217
2248
2280
2329
2341
2297
2253
2238
2255
2300
2348
2322
2288
2239
2228
2273
2316
2328
2311
2265
2212
2240
2277
2327
2339
2296
2252
2241
2257
2303
2353
2329
2285
2237
2225
2269
2313
2325
2308
2265
2216
2237
2282
2329
2338
2294
2250
2237
2260
2300
2351
2333
2285
2239
2229
2273
2317
2330
2304
2265
2213
2232
2280
2327
2337
2293
2252
2236
2265
2300
2349
2333
2281
2237
2226
2269
2315
2332
2303
2267
2220
2236
2285
2327
2336
2292
2246
2231
2265
2299
2346
2332
2282
2242
2231
2273
2319
2333
2299
2264
2219
2235
2285
2322
2337
2295
2249
2230
2269
2298
2344
2330
2277
2244
2228
2273
2319
2339
2299
2268
2225
2239
2287
2317
2333
2291
2244
2229
2269
2300
2345
2330
2280
2250
2233
2274
2323
2333
2295
2264
2222
2239
2289
2321
2333
2294
2244
2231
2267
2300
2338
2319
2274
2241
2235
2275
2326
2340
2299
2260
2229
2245
2290
2329
2328
2289
2242
2227
2269
2313
2337
2321
2273
2230
2238
2274
2323
2337
2297
2254
2233
2247
2295
2342
2327
2293
2241
2228
2267
2308
2331
2317
2271
2223
2246
2277
2327
2339
2298
2258
2233
2248
2295
2346
2317
2298
2241
2228
2272
2311
2334
2317
2269
2218
2249
2275
2325
2338
2297
2257
2236
2253
2301
2353
2314
2289
2241
2225
2269
2311
2329
2313
2266
2219
2251
2280
2328
2341
2297
2253
2237
2253
2301
2349
2319
2289
2239
2228
2272
2315
2329
2311
2265
2216
2243
2279
2326
2339
2296
2255
2241
2257
2302
2355
2323
2287
2237
2225
2269
2313
2324
2308
2266
2216
2241
2282
2328
2340
2295
2250
2239
2257
2301
2351
2331
2287
2239
2229
2273
2317
2328
2304
2264
2213
2233
2276
2328
2339
2294
2253
2240
2260
2301
2349
2333
2284
2236
2227
2271
2315
2332
2304
2267
2218
2235
2284
2328
2337
2291
2249
2232
2260
2300
2347
2333
2284
2239
2229
2274
2319
2331
2300
2265
2219
2233
2284
2325
2339
2294
2249
2234
2267
2299
2344
2330
2278
2241
2229
2272
2318
2337
2300
2268
2223
2237
2286
2319
2334
2292
2244
2227
2268
2300
2346
2329
2281
2250
2232
2273
2319
2335
2295
2264
2222
2237
2288
2317
2335
2294
2244
2231
2269
2299
2341
2326
2276
2245
2233
2289
2325
2337
2301
2266
2226
2241
2292
2320
2330
2291
2241
2229
2269
2304
2340
2321
2275
2237
2237
2273
2321
2337
2297
2252
2231
2247
2295
2337
2330
2292
2242
2226
2266
2309
2332
2318
2272
2226
2243
2276
2324
2340
2299
2257
2233
2246
2293
2341
2317
2290
2242
2228
2270
2311
2334
2318
2271
2220
2247
2274
2323
2337
2297
2256
2236
2253
2299
2349
2317
2290
2243
2225
2269
2310
2330
2315
2268
2219
2253
2279
2329
2340
2297
2253
2235
2252
2299
2349
2316
2289
2240
2228
2273
2313
2329
2313
2264
2216
2245
2277
2327
2338
2297
2255
2241
2257
2304
2351
2321
2288
2238
2225
2269
2310
2328
2312
2266
2218
2245
2281
2329
2340
2295
2250
2238
2256
2300
2350
2328
2289
