2625
4095
4095
2685
851
557
2093
4012
4095
3210
1227
424
1585
3592
4095
3688
1690
448
1140
3103
4095
4087
2205
605
782
2574
4095
4095
2738
883
536
2041
3974
4095
3261
1268
421
1539
3548
4095
3729
1736
457
1102
3053
4095
4095
2233
618
767
2542
4095
4095
2770
904
527
2010
3952
4095
3289
1294
421
1534
3544
4095
3734
1739
458
1098
3088
4095
4095
2219
610
776
2558
4095
4095
2753
892
534
2027
3965
4095
3273
1279
421
1526
3535
4095
3740
1748
459
1101
3053
4095
4095
2255
627
754
2521
4095
4095
2792
919
521
1986
3936
4095
3286
1291
420
1514
3521
4095
3752
1763
462
1080
3023
4095
4095
2284
640
739
2521
4095
4095
2792
918
521
1989
3936
4095
3269
1277
421
1530
3538
4095
3739
1746
459
1093
3042
4095
4095
2266
633
748
2510
4095
4095
2803
925
517
1977
3936
4095
3310
1311
420
1492
3500
4095
3773
1786
467
1062
3001
4095
4095
2309
640
740
2494
4095
4095
2819
934
513
1962
3916
4095
3334
1333
420
1468
3478
4095
3773
1785
468
1062
3002
4095
4095
2265
632
748
2510
4095
4095
2802
924
518
1977
3927
4095
3321
1321
420
1479
3489
4095
3784
1797
470
1053
2987
4095
4095
2310
650
725
2467
4095
4095
2845
952
505
1936
3896
4095
3361
1356
419
1470
3479
4095
3792
1809
473
1044
2976
4095
4095
2333
662
712
2442
4095
4095
2842
950
506
1940
3900
4095
3357
1353
419
1481
3490
4095
3781
1796
470
1054
2989
4095
4095
2320
656
720
2457
4095
4095
2855
958
502
1928
3890
4095
3368
1352
419
1449
3458
4095
3810
1831
479
1028
2953
4095
4095
2356
674
700
2418
4095
4095
2865
966
500
1917
3880
4095
3379
1374
420
1426
3433
4095
3832
1857
480
1025
2950
4095
4095
2360
674
700
2461
4095
4095
2850
955
503
1932
3894
4095
3363
1360
419
1442
3449
4095
3818
1841
482
1022
2945
4095
4095
2365
678
702
2421
4095
4095
2890
982
493
1892
3860
4095
3401
1396
419
1405
3411
4095
3832
1857
486
1009
2927
4095
4095
2384
686
686
2393
4095
4095
2916
1001
485
1895
3864
4095
3399
1393
419
1408
3415
4095
3818
1839
482
1022
2945
4095
4095
2365
678
695
2409
4095
4095
2901
991
490
1882
3852
4095
3412
1406
420
1396
3411
4095
3851
1880
491
993
2903
4095
4095
2408
698
676
2369
4095
4095
2943
996
487
1873
3845
4095
3420
1411
420
1389
3394
4095
3866
1900
497
979
2884
4095
4095
2402
697
677
2373
4095
4095
2896
987
491
1885
3855
4095
3408
1401
420
1398
3405
4095
3856
1887
494
987
2894
4095
4095
2415
702
671
2361
4095
4095
2937
1014
479
1848
3825
4095
3443
1434
421
1367
3370
4095
3886
1924
506
979
2883
4095
4095
2429
708
664
2346
4095
4095
2963
1035
473
1821
3802
4095
3444
1434
420
1367
3368
4095
3887
1925
493
988
2897
4095
4095
2414
701
672
2363
4095
4095
2947
1022
478
1838
3818
4095
3454
1442
421
1358
3362
4095
3894
1923
505
963
2860
4095
4095
2452
721
653
2323
4095
4095
2988
1053
468
1798
3805
4095
3465
1458
422
1346
3346
4095
3905
1950
512
943
2832
4095
4095
2480
720
654
2325
4095
4095
2984
1049
469
1841
3817
4095
3451
1441
420
1361
3362
4095
3893
1933
506
955
2849
4095
4095
2464
727
648
2312
4095
4095
2997
1059
469
1801
3788
4095
3486
1476
423
1325
3324
4095
3922
1972
519
928
2809
4095
4095
2475
732
644
2302
4095
4095
3007
1065
463
1781
3770
4095
3506
1495
424
1328
3327
4095
3921
1970
518
930
2811
4095
4095
2459
725
650
2316
4095
4095
2993
1056
466
1791
3781
4095
3495
1486
424
1317
3315
4095
3930
1982
522
921
2811
4095
4095
2501
746
632
2275
4095
4095
3032
1084
458
1756
3748
4095
3529
1495
424
1309
3306
4095
3939
1992
526
914
2788
4095
4095
2526
759
620
2249
4095
4095
3030
1084
458
1757
3749
4095
3493
1483
423
1319
3317
4095
3928
1981
522
923
2801
4095
4095
2512
751
627
2265
4095
4095
3043
1091
456
1745
3740
4095
3527
1517
425
1289
3283
4095
3954
2016
534
898
2764
4095
4095
2548
773
623
2257
4095
4095
3053
1101
453
1736
3731
4095
3547
1539
427
1269
3259
4095
3958
2018
534
898
2761
4095
4095
2552
748
630
2271
4095
4095
3035
1088
457
1751
3744
4095
3533
1524
426
1282
3276
4095
3961
2024
537
894
2754
4095
4095
2544
770
612
2232
4095
4095
3077
1118
448
1714
3711
4095
3569
1561
430
1249
3263
4095
3971
2037
542
886
2742
4095
4095
2570
783
602
2208
4089
4095
3099
1116
449
1717
3713
4095
3566
1558
430
1284
3278
4095
3959
2021
536
895
2758
4095
4095
2553
776
608
2221
4095
4095
3086
1127
446
1704
3702
4095
3578
1571
430
1246
3237
4095
3988
2063
550
869
2716
4095
4095
2597
797
592
2181
4073
4095
3097
1134
445
1694
3694
4095
3586
1579
432
1233
3218
4095
4005
2085
558
871
2721
4095
4095
2593
798
592
2182
4095
4095
3083
1125
446
1705
3704
4095
3576
1568
431
1242
3228
4095
3997
2073
553
863
2705
4095
4095
2607
804
587
2187
4077
4095
3119
1152
440
1673
3675
4095
3606
1601
434
1215
3195
4095
4020
2081
557
858
2699
4095
4095
2615
809
584
2162
4060
4095
3144
1171
435
1649
3672
4095
3608
1604
435
1212
3192
4095
3991
2065
551
868
2713
4095
4095
2600
799
590
2178
4072
4095
3127
1156
438
1666
3668
4095
3614
1606
435
1208
3187
4095
4018
2104
563
843
2675
4095
4095
2639
824
574
