557
611
1718
3253
4095
4095
3537
2017
769
464
1301
2792
4095
4095
3921
2491
1070
433
949
2315
3792
4095
4095
2965
1449
512
674
1847
3381
4095
4095
3402
1867
690
501
1431
2946
4095
4095
3803
2335
962
431
1056
2472
3924
4095
4095
2792
1303
470
764
2017
3537
4095
4095
3254
1718
619
550
1570
3121
4095
4095
3658
2156
850
438
1190
2682
4057
4095
4000
2600
1150
441
878
2205
3700
4095
4095
3072
1545
547
621
1743
3281
4095
4095
3512
1988
754
470
1334
2832
4095
4095
3891
2452
1042
430
974
2355
3821
4095
4095
2925
1414
501
704
1907
3438
4095
4095
3360
1826
668
514
1469
2990
4095
4095
3767
2287
933
432
1103
2536
3955
4095
4095
2749
1266
456
808
2092
3605
4095
4095
3180
1648
587
578
1640
3174
4095
4095
3611
2101
816
443
1233
2708
4073
4095
3981
2575
1124
437
900
2241
3729
4095
4095
3038
1514
534
638
1777
3314
4095
4095
3481
1936
725
483
1371
2876
4095
4095
3858
2407
1012
430
1006
2400
3856
4095
4095
2860
1360
485
728
1948
3474
4095
4095
3291
1757
634
538
1535
3063
4095
4095
3706
2216
885
437
1145
2592
3996
4095
4061
2691
1221
452
822
2117
3624
4095
4095
3151
1619
575
590
1668
3203
4095
4095
3584
2070
798
452
1258
2739
4095
4095
3944
2520
1092
434
928
2285
3765
4095
4095
2994
1477
521
659
1819
3355
4095
4095
3422
1889
700
495
1410
2922
4095
4095
3797
2328
958
430
1061
2479
3914
4095
4095
2803
1311
473
758
2006
3528
4095
4095
3266
1731
624
546
1559
3098
4095
4095
3678
2178
862
437
1172
2628
4020
4095
4037
2655
1194
447
845
2170
3671
4095
4095
3105
1577
558
610
1713
3249
4095
4095
3542
2024
772
462
1314
2808
4095
4095
3908
2474
1057
432
981
2363
3828
4095
4095
2919
1408
499
698
1893
3425
4095
4095
3372
1836
674
511
1458
2977
4095
4095
3778
2303
942
431
1087
2515
3941
4095
4095
2766
1281
465
779
2041
3560
4095
4095
3230
1697
600
567
1613
3146
4095
4095
3635
2128
832
440
1211
2680
4056
4095
4001
2604
1139
438
887
2221
3712
4095
4095
3057
1505
531
643
1788
3323
4095
4095
3472
1945
730
480
1364
2865
4095
4095
3864
2415
1017
430
1000
2393
3847
4095
4095
2884
1380
491
715
1926
3457
4095
4095
3341
1807
658
521
1488
3011
4095
4095
3733
2248
906
433
1120
2559
3972
4095
4082
2723
1246
457
805
2085
3599
4095
4095
3171
1637
583
582
1650
3185
4095
4095
3571
2055
789
455
1270
2755
4095
4095
3947
2528
1098
434
924
2276
3760
4095
4095
3001
1482
522
656
1812
3349
4095
4095
3437
1908
710
490
1395
2904
4095
4095
3835
2377
990
429
1026
2431
3891
4095
4095
2833
1337
478
741
1976
3501
4095
4095
3293
1756
635
536
1534
3080
4095
4095
3692
2197
875
435
1157
2639
4028
4095
4029
2644
1184
446
852
2164
3666
4095
4095
3112
1583
561
606
1706
3241
4095
4095
3549
2031
776
459
1299
2791
4095
4095
3921
2493
1072
433
947
2310
3787
4095
4095
2968
1451
512
683
1867
3401
4095
4095
3397
1864
688
503
1434
2949
4095
4095
3802
2331
960
431
1073
2496
3926
4095
4095
2786
1294
464
785
2052
3568
4095
4095
3221
1686
603
562
1601
3135
4095
4095
3645
2141
840
439
1201
2666
4046
4095
4011
2617
1155
441
874
2201
3697
4095
4095
3075
1548
548
621
1740
3276
4095
4095
3518
1976
746
473
1336
2835
4095
4095
3888
2447
1040
431
978
2357
3822
4095
4095
2904
1397
495
702
1908
3438
4095
4095
3326
1792
651
523
1500
3024
4095
4095
3739
2255
910
433
1115
2553
3968
4095
4088
2729
1251
458
800
2077
3591
4095
4095
3189
1656
591
574
1634
3167
4095
4095
3618
2108
821
445
1227
2699
4068
4095
3973
2562
1124
437
903
2245
3733
4095
4095
3034
1509
534
641
1781
3317
4095
4095
3457
1928
719
485
1378
2886
4095
4095
3828
2368
986
430
1032
2437
3883
4095
4095
2845
1346
481
735
1965
3490
4095
4095
3303
1768
641
532
1522
3059
4095
4095
3711
2219
886
434
1142
2589
3994
4095
4063
2694
1223
452
821
2133
3640
4095
4095
3143
1611
571
593
1678
3213
4095
4095
3575
2059
792
453
1281
2768
4095
4095
3939
2512
1088
434
954
2324
3796
4095
4095
2955
1441
509
678
1856
3391
4095
4095
3407
1875
693
500
1425
2940
4095
4095
3808
2340
967
430
1060
2477
3913
4095
4095
2807
1314
473
757
2003
3526
4095
4095
3267
1734
616
551
1573
3104
4095
4095
3672
2173
859
437
1177
2636
4025
4095
4032
2647
1172
444
860
2178
3677
4095
4095
3101
1542
545
626
1747
3285
4095
4095
3508
1985
751
470
1328
2825
4095
4095
3896
2457
1047
431
970
2348
3815
4095
4095
2924
1413
501
695
1888
3421
4095
4095
3377
1843
677
509
1452
2972
4095
4095
3763
2286
929
432
1092
2521
3944
4095
4095
2762
1279
464
781
2046
3564
4095
4095
3205
1671
597
568
1617
3150
4095
4095
3607
2097
815
448
1235
2712
4076
4095
3978
2571
1129
438
897
2237
3725
4095
4095
3043
1521
537
636
1772
3310
4095
4095
3475
1948
731
480
1360
2863
4095
4095
3868
2420
1020
430
997
2386
3860
4095
4095
2874
1371
488
721
1937
3466
4095
4095
3331
1796
654
522
1496
3038
4095
4095
3726
2238
900
433
1126
2599
4000
4095
4058
2685
1216
451
826
2122
3632
4095
4095
3151
1620
575
589
1669
3204
4095
4095
3584
2069
798
451
1265
2748
4095
4095
3952
2534
1101
435
920
2273
3754
