1719
1720
1721
1722
1723
1723
1725
1726
1728
1728
1730
1730
1733
1733
1735
1736
1737
1739
1741
1742
1743
1745
1747
1749
1750
1752
1754
1756
1758
1760
1761
1763
1766
1768
1770
1773
1774
1777
1779
1781
1784
1785
1788
1790
1792
1794
1797
1797
1800
1803
1806
1809
1811
1813
1815
1817
1819
1821
1823
1825
1828
1829
1832
1834
1836
1839
1840
1843
1845
1847
1849
1850
1853
1855
1853
1858
1860
1862
1864
1866
1868
1869
1871
1872
1874
1876
1878
1880
1881
1882
1885
1886
1887
1889
1890
1891
1893
1895
1895
1897
1898
1899
1900
1901
1902
1903
1904
1905
1905
1905
1907
1907
1908
1908
1909
1909
1909
1910
1911
1911
1911
1911
1911
1911
1911
1911
1912
1911
1911
1910
1910
1909
1909
1909
1908
1908
1907
1906
1905
1905
1904
1903
1902
1901
1900
1899
1897
1896
1895
1893
1893
1890
1891
1888
1887
1885
1883
1882
1880
1879
1876
1875
1873
1872
1870
1867
1865
1864
1862
1860
1854
1856
1854
1851
1849
1847
1844
1842
1840
1837
1835
1833
1831
1829
1827
1825
1822
1818
1816
1813
1811
1808
1806
1804
1802
1800
1799
1795
1792
1791
1789
1787
1784
1782
1780
1778
1776
1774
1772
1770
1769
1766
1764
1762
1760
1759
1757
1755
1753
1752
1750
1748
1747
1745
1743
1741
1740
1738
1737
1736
1735
1732
1732
1730
1730
1728
1725
1726
1724
1724
1722
1722
1720
1720
1719
1718
1717
1717
1716
1716
1717
1714
1714
1714
1714
1713
1713
1713
1712
1713
1713
1713
1712
1713
1713
1714
1714
1714
1715
1715
1716
1716
1718
1718
1718
1719
1720
1721
1722
1724
1724
1726
1726
1728
1729
1730
1731
1733
1734
1736
1736
1737
1740
1741
1743
1744
1746
1748
1750
1751
1753
1754
1756
1758
1761
1762
1764
1766
1768
1771
1774
1775
1778
1780
1782
1784
1786
1789
1791
1793
1794
1796
1798
1801
1804
1807
1807
1811
1814
1816
1818
1820
1822
1824
1826
1828
1831
1833
1835
1837
1839
1841
1844
1845
1848
1850
1851
1853
1856
1857
1860
1861
1863
1865
1867
1868
1870
1872
1874
1875
1877
1879
1880
1881
1884
1885
1886
1888
1889
1891
1892
1893
1895
1896
1897
1898
1899
1900
1901
1902
1904
1904
1904
1906
1906
1907
1907
1908
1909
1909
1909
1909
1912
1911
1911
1910
1911
1911
1911
1911
1912
1911
1910
1911
1910
1911
1909
1909
1908
1908
1908
1907
1906
1905
1904
1904
1903
1902
1899
1900
1899
1897
1895
1895
1893
1892
1890
1889
1888
1886
1885
1883
1881
1879
1878
1876
1875
1873
1871
1869
1868
1865
1863
1861
1858
1857
1855
1853
1850
1848
1847
1843
1841
1839
1837
1834
1832
1830
1828
1827
1824
1821
1817
1815
1812
1810
1808
1805
1803
1801
1800
1797
1795
1793
1790
1788
1786
1784
1782
1779
1778
1775
1773
1771
1769
1768
1765
1764
1764
1760
1758
1756
1755
1753
1751
1749
1749
1746
1745
1742
1742
1739
1738
1736
1736
1734
1733
1732
1730
1729
1727
1726
1726
1724
1723
1722
1721
1720
1719
1718
1718
1717
1716
1715
1715
1715
1714
1714
1713
1713
1713
1713
1713
1713
1713
1712
1713
1712
1713
1713
1714
1714
1714
1715
1715
1716
1717
1717
1718
1719
