716
686
666
649
632
616
600
584
568
554
541
529
516
463
455
446
439
433
427
423
418
414
410
407
404
402
401
397
403
430
437
444
450
458
466
475
485
496
507
518
530
545
556
573
587
696
717
736
755
777
798
822
844
866
890
912
937
962
987
1012
1041
1179
1209
1237
1265
1296
1329
1357
1392
1687
1720
1756
1790
1828
1863
1897
1937
1972
2010
2045
2081
2117
2157
2191
2231
2265
2306
2342
2377
2418
2453
2493
2528
2628
2666
2708
2742
2778
2818
2853
2889
2927
2963
3003
3038
3072
3111
3145
3178
3377
3409
3447
3478
3510
3546
3576
3611
3639
3672
3705
3732
3764
3793
3822
3853
4001
4026
4055
4079
4095
4095
4095
4095
4095
4095
4095
4095
4095
4095
4095
4095
4095
4095
4095
4095
4095
4095
4095
4095
4095
4095
4095
4095
4095
4095
4095
4095
4095
4095
4095
4095
4095
4095
4095
4095
4095
4095
4095
4095
4095
4095
4095
4095
4095
4095
4095
4095
4095
4095
4095
4095
4095
4095
4095
4095
4095
4095
4095
4095
4089
4060
4036
4012
3987
3957
3932
3905
3724
3691
3661
3632
3596
3566
3531
3499
3469
3433
3401
3365
3332
3299
3265
3228
3193
3156
3120
3088
3048
3013
2974
2939
2837
2797
2762
2727
2686
2652
2612
2576
2539
2501
2464
2425
2386
2352
2310
2276
2052
2019
1979
1945
1906
1872
1838
1797
1766
1730
1697
1661
1629
1596
1559
1526
1340
1313
1284
1252
1224
1193
1162
1136
901
876
853
830
809
785
766
745
723
705
687
667
649
632
615
598
584
568
553
540
526
515
502
492
472
462
455
448
440
434
428
422
418
414
410
408
405
402
401
393
425
431
438
444
451
458
467
476
486
496
507
520
532
546
559
574
668
686
706
727
747
768
787
808
1015
1040
1070
1096
1121
1152
1178
1210
1239
1271
1301
1329
1363
1393
1423
1458
1488
1524
1557
1591
1626
1659
1692
1726
1825
1860
1898
1932
1972
2006
2045
2081
2115
2155
2191
2231
2267
2303
2344
2380
2602
2639
2674
2714
2749
2790
2825
2861
2897
2938
2973
3008
3044
3080
3120
3154
3357
3389
3425
3457
3488
3524
3557
3590
3838
3867
3896
3923
3950
3977
4003
4028
4052
4080
4095
4095
4095
4095
4095
4095
4095
4095
4095
4095
4095
4095
4095
4095
4095
4095
4095
4095
4095
4095
4095
4095
4095
4095
4095
4095
4095
4095
4095
4095
4095
4095
4095
4095
4095
4095
4095
4095
4095
4095
4095
4095
4095
4095
4095
4095
4095
4095
4095
4095
4095
4095
4095
4095
4095
4095
4095
4095
4095
4095
4095
4095
4088
4060
4036
4008
3984
3958
3928
3903
3875
3847
3814
3786
3756
3727
3692
3664
3578
3545
3510
3479
3447
3415
3381
3343
3310
3276
3238
3206
3171
3133
3098
3058
2853
2816
2780
2739
2703
2668
2625
2591
2554
2513
2477
2440
2404
2364
2327
2291
2087
2046
2011
1975
1937
1901
1866
1830
1526
1494
1462
1431
1399
1365
1335
1305
1274
1246
1211
1184
1155
1127
1095
1070
1043
1016
991
965
942
914
890
868
800
779
756
738
717
698
679
662
642
626
610
593
577
562
547
535
474
465
457
449
441
435
429
422
419
415
411
407
405
403
401
396
423
428
434
441
448
455
464
473
573
590
605
621
638
657
674
692
712
734
753
774
794
819
841
863
887
911
935
960
988
1013
1037
1068
1142
1171
1199
1231
1258
1289
1322
1353
1384
1418
1450
1482
1514
1547
1579
1619
1814
1847
1881
1919
1954
1990
2025
2067
2103
2139
2179
2216
2251
2291
2325
2367
2584
2621
2655
2698
2733
2769
2806
2848
3149
3184
3224
3259
3294
3328
3361
3400
3433
3467
3500
3533
3564
3596
3628
3662
3692
3724
3753
3787
3816
3845
3873
3902
3979
4005
4031
4060
4083
4095
4095
4095
4095
4095
4095
4095
4095
4095
4095
4095
4095
4095
4095
4095
4095
4095
4095
4095
4095
4095
4095
4095
4095
4095
4095
4095
4095
4095
4095
4095
4095
4095
4095
4095
4095
4095
4095
4095
4095
4095
4095
4095
4095
4095
4095
4095
4095
4095
4095
4095
4095
4095
4095
4095
4095
4095
4095
4095
4095
4078
4055
4026
4002
3977
3948
3921
3895
3868
3836
3807
3778
3745
3715
3687
3571
3536
3504
3473
3437
3405
3371
3334
3300
3267
3229
3194
3158
3124
3090
3048
2852
2815
2774
2739
2704
2666
2623
2587
2273
2231
2194
2157
2119
2081
2045
2007
1972
1937
1901
1865
1828
1793
1757
1725
1690
1652
1618
1585
1553
1521
1489
1450
1360
1325
1296
1266
1236
1208
1175
1147
1120
1093
1066
1041
1014
989
962
936
803
782
761
738
719
700
679
660
643
626
609
593
578
563
549
535
469
461
451
447
438
432
426
420
401
403
409
414
418
422
429
435
442
448
455
464
472
482
492
503
514
528
540
554
569
582
598
615
669
687
708
728
748
771
792
813
837
859
882
905
932
956
980
1002
1158
1186
1214
1247
1278
1307
1340
1370
1401
1430
1467
1499
1534
1567
1599
1637
1828
1862
1897
1937
1972
2008
2044
2082
2405
2442
2479
2519
2557
2594
2630
2669
2706
2743
2780
2817
2859
2895
2932
2968
3003
3038
3079
3112
3151
3184
3224
3259
3352
3386
3419
3457
3488
3519
3555
3588
3618
3649
3683
3713
3744
3774
3803
3832
3982
4007
4035
4061
4085
4095
4095
4095
4095
4095
4095
4095
4095
4095
4095
4095
4095
4095
4095
4095
4095
4095
4095
4095
4095
4095
4095
4095
4095
4095
4095
4095
4095
4095
4095
4095
4095
4095
4095
4095
4095
4095
4095
4095
4095
4095
4095
4095
4095
4095
4095
4095
4095
4095
4095
4095
4095
4095
4095
