1911
1911
1910
1910
1910
1909
1911
1908
1908
1907
1906
1905
1905
1904
1903
1903
1901
1900
1899
1898
1896
1896
1894
1893
1891
1889
1888
1886
1885
1884
1882
1880
1878
1877
1875
1873
1872
1870
1867
1866
1864
1862
1860
1857
1856
1853
1852
1849
1847
1844
1842
1839
1837
1835
1833
1831
1829
1827
1826
1822
1818
1815
1815
1810
1807
1806
1804
1802
1800
1797
1796
1793
1792
1789
1786
1785
1783
1780
1778
1776
1774
1772
1769
1768
1768
1764
1762
1761
1760
1757
1756
1753
1752
1750
1750
1746
1745
1743
1741
1740
1738
1737
1736
1735
1733
1732
1732
1730
1728
1727
1725
1724
1721
1722
1722
1720
1720
1719
1718
1717
1716
1716
1716
1715
1714
1714
1714
1714
1713
1713
1713
1712
1713
1712
1713
1712
1713
1713
1713
1714
1714
1715
1713
1716
1715
1717
1718
1718
1719
1721
1721
1721
1723
1724
1726
1726
1728
1729
1730
1732
1733
1734
1736
1736
1738
1739
1741
1743
1744
1746
1748
1749
1751
1753
1755
1757
1759
1761
1762
1764
1766
1768
1771
1773
1775
1777
1780
1782
1784
1787
1789
1791
1793
1795
1796
1798
1801
1804
1808
1809
1812
1814
1816
1818
1820
1821
1824
1826
1828
1830
1833
1835
1837
1839
1842
1844
1845
1848
1850
1852
1853
1856
1857
1859
1861
1863
1865
1866
1868
1870
1872
1873
1876
1876
1879
1880
1881
1883
1885
1886
1887
1889
1891
1892
1893
1895
1896
1897
1898
1900
1901
1901
1902
1903
1905
1905
1904
1906
1907
1907
1908
1908
1909
1909
1910
1911
1910
1910
1911
1911
1911
1911
1911
1911
1912
1910
1911
1910
1909
1910
1909
1909
1909
1908
1908
1906
1905
1905
1904
1903
1902
1901
1900
1898
1896
1896
1895
1893
1892
1890
1888
1887
1886
1885
1883
1881
1879
1878
1876
1875
1873
1871
1869
1867
1865
1863
1861
1859
1857
1855
1853
1850
1849
1846
1844
1841
1839
1836
1835
1832
1831
1828
1827
1824
1821
1817
1815
1812
1810
1808
1805
1803
1801
1799
1797
1795
1793
1790
1788
1786
1784
1781
1779
1777
1776
1773
1771
1769
1768
1765
1764
1761
1760
1758
1756
1754
1753
1751
1749
1748
1746
1744
1743
1741
1739
1737
1737
1735
1735
1733
1732
1730
1729
1728
1726
1725
1724
1723
1722
1721
1721
1720
1718
1717
1718
1716
1716
1715
1715
1714
1714
1714
1714
1713
1712
1713
1712
1713
1712
1713
1713
1713
1714
1714
1713
1714
1715
1715
1716
1717
1717
1718
1718
1720
1721
1722
1722
1723
1725
1726
1727
1728
1729
1730
1733
1733
1735
1736
1737
1738
1740
1741
1743
1745
1746
1748
1750
1752
1754
1755
1757
1759
1761
1763
1764
1767
1769
1771
1774
1776
1778
1780
1783
1785
1788
1789
1789
1793
1795
1797
1799
1802
1805
1808
1810
1812
1811
1816
1819
1820
1823
1825
1827
1829
1831
1833
1835
1837
1840
1842
1844
1846
1848
1850
1851
1854
1856
1858
1860
1861
1864
1864
1867
1869
1870
1872
1873
1875
1877
1879
1881
1882
1884
1885
1887
1888
1890
1891
1892
1893
1895
1896
1898
1898
1899
1901
1901
1903
1902
1904
1905
1905
1906
1907
1907
1908
1909
1908
1909
1909
1910
1911
1911
1911
1910
1911
1911
1911
1910
1911
1910
1911
1910
1909
1909
1909
1909
1908
1908
1906
1906
1905
1905
1904
1902
1901
1900
1899
1898
1897
1895
1894
1893
1891
1890
1889
1888
1885
1884
1882
1881
1879
1877
1875
1874
1872
1870
1869
1867
1865
1863
1861
1858
1856
1855
1852
1850
1848
1845
1843
