2315
2315
2314
2314
2313
2314
2315
2316
2315
2314
2314
2314
2316
2315
2316
2316
2316
2317
2317
2317
2317
2318
2317
2319
2318
2319
2319
2319
2320
2320
2321
2321
2322
2321
2324
2324
2324
2324
2325
2325
2327
2328
2329
2329
2329
2330
2332
2331
2333
2333
2333
2335
2335
2337
2337
2338
2339
2340
2341
2343
2343
2345
2348
2347
2348
2349
2350
2351
2352
2353
2354
2355
2357
2359
2360
2361
2362
2362
2364
2365
2368
2368
2369
2370
2372
2373
2374
2376
2377
2378
2380
2381
2383
2384
2385
2387
2389
2390
2391
2392
2393
2395
2397
2398
2400
2401
2403
2404
2407
2408
2409
2410
2413
2414
2416
2417
2419
2420
2422
2424
2426
2427
2429
2431
2433
2434
2436
2438
2440
2442
2444
2445
2447
2449
2453
2454
2455
2457
2459
2461
2463
2465
2466
2468
2469
2472
2473
2475
2477
2479
2481
2481
2483
2485
2487
2487
2489
2491
2495
2497
2500
2503
2505
2508
2510
2513
2515
2516
2519
2521
2523
2524
2527
2529
2530
2531
2534
2535
2537
2539
2541
2542
2544
2546
2548
2549
2551
2553
2554
2557
2559
2560
2562
2564
2566
2567
2567
2571
2573
2574
2577
2578
2580
2581
2584
2584
2586
2589
2590
2592
2594
2595
2597
2598
2600
2601
2603
2605
2606
2608
2609
2610
2612
2614
2617
2617
2619
2619
2622
2623
2625
2626
2628
2628
2628
2631
2633
2634
2636
2637
2640
2641
2642
2642
2645
2647
2648
2649
2650
2651
2653
2655
2655
2657
2657
2660
2661
2663
2664
2665
2666
2668
2669
2671
2671
2673
2674
2675
2676
2677
2679
2679
2681
2683
2684
2685
2685
2687
2688
2689
2690
2691
2691
2692
2695
2695
2695
2697
2697
2699
2700
2701
2701
2702
2702
2704
2705
2706
2707
2706
2707
2708
2709
2709
2710
2711
2711
2712
2713
2713
2715
2714
2716
2716
2717
2716
2717
2717
2719
2718
2719
2719
2720
2720
2721
2720
2721
2721
2721
2722
2722
2722
2721
2722
2723
2723
2723
2723
2723
2724
2724
2723
2723
2723
2724
2723
2725
2724
2723
2723
2723
2722
2722
2722
2722
2722
2724
2723
2721
2721
2721
2721
2720
2721
2720
2719
2719
2719
2718
2718
2717
2717
2716
2717
2716
2715
2715
2714
2713
2714
2712
2711
2710
2709
2709
2709
2707
2707
2707
2705
2705
2704
2703
2703
2701
2701
2701
2699
2697
2697
2697
2697
2694
2692
2692
2691
2691
2690
2688
2687
2687
2685
2684
2683
2682
2681
2680
2677
2677
2675
2674
2673
2672
2670
2669
2669
2664
2665
2664
2663
2662
2660
2657
2657
2657
2655
2653
2652
2650
2649
2649
2647
2645
2644
2642
2641
2640
2637
2639
2635
2634
2632
2630
2629
2627
2626
2625
2623
2621
2620
2618
2616
2614
2613
2612
2609
2608
2605
2604
2602
2601
2598
2595
2595
2595
2591
2590
2588
2585
2584
2582
2580
2578
2576
2575
2573
2571
2569
2568
2565
2564
2562
2561
2559
2557
2556
2554
2553
2552
2550
2545
2547
2546
2542
2539
2536
2535
2531
2529
2526
2525
2522
2521
2519
2516
2514
2513
2511
2509
2507
2506
2504
2503
2500
2499
2498
2496
2493
2492
2491
2489
2487
2485
2484
2482
2480
2479
2477
2475
2473
2472
2469
2468
2465
2465
2462
2461
2459
2457
2455
2454
2453
2450
2448
2447
2445
2444
2442
2441
2439
2437
2435
2434
2433
2431
2429
2428
2426
2425
2423
2422
2420
2418
2417
2416
2413
2412
2411
2409
2408
2406
2405
2401
2402
2401
2400
2398
2397
2396
2393
2391
2391
2390
2388
2389
2385
2381
2383
2381
2380
2379
2378
2376
2375
2374
2373
2371
2370
2369
2367
2366
2365
2364
2363
2361
2359
2359
2358
2357
2355
2354
2353
2352
2353
2351
2349
2348
2347
2346
2345
2345
2343
2342
2341
2340
2340
2338
2338
2339
2336
2336
2334
2333
2333
2332
2331
2331
2330
2329
2328
2328
2328
2326
2325
2325
2325
2324
2324
2324
2322
2322
2321
2323
2321
2320
2319
2319
2319
2319
2319
2319
2318
2317
2318
2317
2317
2316
2316
2315
2316
2316
2315
2314
2316
2317
2315
2314
2314
2313
2315
2315
2315
2313
2314
2315
2314
2314
2314
2314
2314
2315
2314
2315
2315
2316
2315
2318
2317
2316
2317
2317
2317
2318
2318
2319
2318
2319
2320
2320
2319
2321
2320
2322
2323
2320
2323
2324
2324
2325
2325
2327
2327
2327
2328
2329
2329
2330
2330
2332
2333
2335
2335
2336
2337
2337
2338
2340
2340
2340
2342
2344
2344
2344
2346
2347
2349
2350
2351
2352
2353
2354
2355
2357
2358
2359
2359
2362
2363
2364
2365
2366
2368
2368
2371
2372
2373
2374
2376
2377
2378
2381
2381
2382
2383
2385
2387
2389
2389
2391
2393
2394
2396
2395
2398
2400
2401
2403
2404
2405
2407
2408
2410
2412
2414
2416
2417
2419
2420
2423
2424
2426
2427
2429
2431
2432
2434
2436
2437
2439
2441
2444
2445
2448
2449
2452
2453
2455
2457
2458
2461
2463
2464
2466
2468
2469
2471
2473
2475
2477
2478
2480
2481
2482
2484
2484
2488
2488
2490
2495
2497
2499
2502
2505
2507
2510
2511
2514
2516
2518
2520
2523
2524
2526
2528
2527
2531
2533
2535
2537
2538
2542
2543
2543
2545
2548
2549
2551
2553
2554
2556
2559
2560
2561
2563
2565
2567
2568
2570
2572
2574
2576
2577
2579
2581
2583
2585
2586
2588
2590
2591
2593
2595
2597
2598
2600
2600
2603
2605
2606
2607
2609
2610
2612
2614
2615
2617
2618
2620
2622
2623
2625
2625
2625
2629
2631
2631
2632
2634
2636
2637
2639
2640
2641
2643
2644
2645
2648
2648
2650
2651
2654
2655
2656
2657
2658
2660
2661
2663
2664
2665
2667
2668
2668
2670
2671
2672
2673
2674
2677
2677
2679
2680
2681
2682
2683
2684
2685
2687
2688
2689
2689
2690
2692
2693
2694
2695
2696
2696
2698
2698
2701
2700
2701
2701
2703
2703
2703
2704
2706
2706
2705
2709
2709
2709
2710
2711
2711
2712
2713
2713
