2164
2134
2166
2234
2290
2323
2305
2273
2277
2327
2369
2413
2397
2343
2297
2277
2300
2332
2328
2267
2202
2155
2152
2187
2220
2216
2178
2133
2129
2183
2246
2291
2301
2273
2250
2273
2326
2387
2409
2375
2327
2298
2296
2333
2361
2329
2271
2199
2164
2183
2210
2224
2207
2157
2113
2137
2184
2250
2285
2265
2243
2239
2271
2335
2401
2390
2366
2317
2297
2329
2356
2362
2330
2261
2189
2194
2203
2235
2240
2189
2145
2121
2140
2197
2264
2249
2242
2212
2217
2282
2343
2381
2380
2341
2295
2324
2343
2380
2381
2320
2257
2215
2209
2239
2269
2225
2188
2129
2112
2156
2206
2235
2234
2204
2175
2229
2279
2349
2383
2353
2321
2309
2327
2370
2412
2370
2324
2254
2221
2244
2265
2264
2229
2168
2107
2128
2161
2215
2237
2207
2183
2185
2223
2292
2362
2354
2336
2298
2294
2341
2385
2395
2369
2311
2244
2249
2265
2293
2286
2221
2162
2133
2145
2184
2238
2221
2193
2158
2161
2226
2287
2325
2324
2301
2265
2298
2349
2403
2416
2363
2308
2279
2280
2300
2332
2287
2223
2156
2129
2163
2203
2214
2195
2164
2121
2157
2221
2289
2324
2300
2276
2279
2319
2368
2428
2411
2357
2299
2275
2301
2326
2322
2272
2215
2145
2145
2181
2219
2226
2181
2142
2132
2174
2227
2299
2303
2278
2252
2262
2322
2380
2405
2379
2340
2283
2287
2322
2350
2342
2278
2210
2174
2184
2207
2245
2221
2167
2125
2121
2174
2238
2273
2262
2250
2221
2257
2324
2381
2403
2368
2321
2300
2328
2349
2383
2349
2280
2218
2184
2205
2235
2237
2191
2153
2105
2123
2184
2232
2265
2244
2217
2217
2273
2327
2391
2389
2349
2322
2303
2340
2380
2385
2329
2276
2210
2201
2229
2241
2245
2191
2134
2114
2154
2193
2248
2250
2215
2204
2205
2268
2338
2371
2351
2330
2295
2312
2361
2385
2389
2333
2263
2229
2243
2257
2278
2245
2184
2141
2121
2159
2212
2234
2208
2186
2168
2200
2274
2331
2359
2337
2301
2296
2339
2391
2408
2384
2322
2268
2245
2265
2293
2290
2232
2172
2133
2135
2177
2217
2220
2192
2155
2155
2217
2282
2328
2335
2308
2279
2299
2344
2396
2413
2365
2313
2276
2270
2299
2324
2289
2234
2166
2132
2160
2193
2216
2207
2167
2128
2165
2214
2283
2321
2303
2280
2272
2301
2359
2415
2394
2363
2308
2279
2304
2326
2329
2292
2224
2152
2160
2176
2215
2228
2183
2147
2135
2163
2224
2293
2283
2279
2250
2252
2313
2370
2399
2392
2345
2288
2311
2321
2353
2349
2284
2219
2178
2177
2208
2248
2207
2177
2129
2118
2171
2228
2264
2268
2241
2211
2266
2312
2381
2405
2370
2330
2309
2318
2353
2388
2340
2289
2218
2183
2207
2233
2236
2208
2153
2101
2131
2170
2234
2262
2239
2217
2223
2262
2327
2394
2383
2357
2311
2300
2337
2370
2374
2343
2280
2208
2210
2228
2261
2254
2197
2143
2123
2139
2189
2253
2241
2220
2190
2199
2263
2327
2360
2356
2327
2281
2310
2351
2397
2397
2341
2278
2244
2242
2263
2294
2256
2193
2132
2114
2154
2203
2223
2213
2184
2151
2189
2258
2328
2359
2335
2305
2302
2333
2375
2425
2400
2338
2274
2245
2265
2289
2285
2237
2184
2116
2124
2169
