2333
2332
2331
2330
2329
2329
2329
2328
2327
2325
2325
2325
2323
2323
2322
2321
2320
2320
2319
2318
2317
2316
2316
2314
2314
2312
2312
2311
2310
2309
2308
2306
2305
2305
2304
2303
2301
2300
2300
2299
2297
2297
2296
2295
2294
2293
2293
2292
2291
2290
2289
2287
2287
2284
2283
2282
2281
2280
2279
2278
2277
2276
2275
2274
2273
2273
2272
2271
2270
2269
2268
2267
2266
2265
2265
2263
2262
2261
2260
2259
2258
2257
2257
2256
2255
2254
2254
2252
2252
2250
2250
2249
2248
2247
2246
2246
2245
2245
2244
2243
2242
2241
2241
2240
2240
2239
2238
2237
2236
2236
2235
2234
2234
2233
2233
2232
2231
2230
2230
2229
2228
2228
2227
2227
2226
2226
2223
2225
2224
2224
2224
2223
2223
2222
2222
2221
2221
2221
2221
2220
2220
2220
2219
2219
2219
2218
2218
2218
2216
2218
2218
2217
2214
2217
2217
2217
2217
2217
2217
2217
2217
2217
2217
2217
2217
2217
2217
2217
2217
2217
2218
2217
2218
2218
2218
2218
2218
2219
2219
2220
2219
2219
2220
2221
2221
2221
2222
2222
2222
2223
2224
2223
2224
2225
2225
2225
2227
2227
2228
2229
2229
2229
2230
2231
2232
2232
2233
2233
2234
2235
2236
2236
2237
2237
2239
2239
2239
2241
2242
2242
2242
2243
2244
2245
2246
2247
2248
2248
2250
2250
2252
2252
2253
2254
2255
2256
2257
2258
2259
2260
2261
2263
2263
2265
2265
2267
2268
2269
2269
2270
2271
2272
2273
2274
2276
2275
2277
2278
2279
2282
2283
2284
2285
2286
2287
2288
2287
2289
2291
2292
2293
2294
2295
2296
2298
2297
2298
2300
2300
2302
2303
2303
2305
2305
2306
2307
2308
2309
2310
2310
2312
2312
2313
2314
2315
2315
2317
2317
2317
2319
2320
2320
2321
2323
2323
2323
2324
2325
2325
2327
2327
2328
2329
2329
2331
2331
2332
2333
2333
2334
2334
2335
2335
2337
2337
2338
2339
2339
2339
2340
2340
2341
2342
2342
2343
2342
2344
2344
2344
2345
2345
2346
2347
2346
2346
2347
2347
2347
2348
2348
2348
2348
2349
2349
2349
2349
2349
2349
2349
2349
2349
2350
2349
2350
2350
2350
2350
2349
2350
2349
2350
2349
2350
2349
2349
2349
2345
2349
2349
2348
2348
2347
2347
2348
2347
2346
2346
2345
2345
2345
2345
2345
2345
2343
2344
2343
2342
2342
2341
2341
2340
2340
2338
2339
2338
2337
2337
2336
2335
2335
2335
2333
2334
2332
2331
2330
2330
2329
2329
2328
2327
2326
2325
2325
2324
2323
2323
2321
2321
2320
2320
2318
2318
2317
2316
2315
2314
2313
2308
2311
2310
2309
2308
2307
2306
2305
2305
2303
2302
2301
2300
2299
2298
2297
2296
2295
2294
2293
2293
2291
2291
2291
2289
2287
2286
2284
2284
2282
2281
2280
2280
2279
2278
2277
2276
2275
2274
2273
2273
2271
2271
2269
2269
2268
2266
2266
2264
2264
2263
2261
2260
2260
2259
2257
2257
2256
2256
2255
2254
2253
2252
2251
2248
2250
2249
2248
2247
2246
2245
2245
2244
2243
2243
2241
2241
2240
2240
2239
2238
2238
2236
2236
2236
2235
2234
2233
2233
2232
2231
2231
2230
2229
2229
2228
2228
2227
2228
2226
2226
2225
2225
2224
2223
2224
2223
2222
2221
2221
2221
2221
