2306
3064
3282
2782
1921
1320
1417
2141
2965
3299
2901
2060
1378
1349
2001
2854
3293
3010
2205
1454
1298
1857
2722
3266
3103
2348
1545
1270
1734
2587
3223
3180
2496
1652
1255
1616
2451
3157
3237
2631
1769
1278
1516
2306
3078
3277
2759
1898
1312
1429
2166
2984
3297
2881
2029
1365
1362
2029
2879
3297
2984
2172
1436
1307
1892
2757
3275
3079
2309
1520
1275
1765
2627
3235
3159
2453
1622
1260
1647
2488
3179
3223
2592
1733
1272
1544
2349
3103
3267
2723
1857
1300
1457
2209
3012
3293
2846
1991
1346
1380
2068
2912
3302
2954
2128
1411
1322
1929
2793
3282
3053
2269
1493
1283
1803
2666
3249
3139
2411
1589
1264
1681
2532
3196
3206
2553
1702
1266
1571
2388
3126
3257
2685
1821
1290
1481
2249
3041
3288
2808
1950
1330
1400
2109
2942
3301
2928
2090
1392
1336
1970
2825
3289
3030
2234
1472
1292
1834
2700
3261
3116
2376
1562
1267
1715
2566
3213
3191
2515
1669
1260
1603
2431
3149
3245
2652
1790
1281
1504
2288
3067
3280
2778
1916
1318
1420
2146
2968
3298
2896
2053
1373
1353
2009
2863
3295
2997
2186
1442
1305
1880
2747
3273
3086
2319
1524
1274
1759
2624
3234
3159
2455
1618
1260
1651
2496
3180
3220
2585
1731
1270
1549
2356
3105
3266
2719
1857
1299
1455
2208
3012
3293
2848
1992
1348
1378
2062
2907
3299
2963
2138
1415
1318
1919
2783
3280
3061
2285
1504
1280
1788
2649
3244
3147
2433
1607
1258
1665
2511
3186
3215
2575
1720
1268
1556
2365
3110
3265
2715
1851
1298
1459
2213
3017
3293
2841
1991
1347
1379
2069
2911
3300
2956
2135
1415
1321
1927
2788
3281
3060
2282
1499
1281
1789
2652
3245
3145
2425
1603
1262
1669
2513
3187
3215
2573
1722
1268
1557
2362
3112
3265
2710
1849
1297
1458
2214
3018
3292
2841
1987
1346
1381
2066
2911
3300
2957
2132
1412
1321
1929
2788
3281
3058
2278
1500
1281
1793
2653
3246
3145
2424
1600
1262
1668
2517
3190
3213
2567
1716
1267
1562
2373
3116
3263
2703
1840
1295
1466
2224
3023
3291
2832
1979
1342
1385
2076
2919
3305
2950
2125
1408
1323
1935
2794
3283
3055
2267
1494
1282
1801
2660
3247
3141
2420
1593
1262
1674
2520
3193
3210
2564
1711
1266
1562
2374
3117
3263
2703
1842
1294
1468
2223
3024
3291
2835
1981
1344
1384
2077
2916
3305
2952
2125
1409
1324
1931
2791
3283
3054
2273
1496
1282
1797
2656
3246
3145
2426
1601
1262
1668
2514
3189
3215
2570
1718
1268
1556
2367
3113
3265
2710
1848
1297
1462
2216
3019
3291
2841
1988
1345
1381
2072
2911
3300
2958
2135
1410
1319
1926
2785
3281
3061
2282
1501
1280
1789
2653
3244
3148
2429
1605
1262
1668
2510
3188
3214
2575
1720
1268
1553
2364
3109
3265
2716
1850
1298
1458
2213
3015
3292
2844
1992
1346
1379
2069
2907
3300
2962
2135
1415
1320
1919
2780
3280
3060
2288
1503
1280
1785
2644
3242
3149
2436
1609
1261
1661
2500
3183
3218
2583
1730
1270
1547
2354
3106
3267
2719
1857
1300
1454
2207
3013
3294
2850
1997
1349
1376
2060
2900
3301
2968
2148
1419
1317
1914
2777
3280
3069
2293
1508
