2292
2292
2292
2292
2292
2292
2292
2292
2292
2292
2293
2292
2292
2293
2293
2293
2293
2293
2292
2293
2292
2293
2293
2293
2293
2293
2290
2293
2293
2293
2293
2292
2293
2293
2293
2293
2293
2293
2293
2293
2293
2294
2293
2293
2293
2294
2293
2293
2293
2294
2294
2293
2294
2294
2295
2293
2294
2294
2296
2294
2294
2293
2294
2295
2295
2294
2294
2294
2295
2294
2295
2294
2295
2294
2295
2294
2295
2294
2295
2295
2295
2294
2295
2294
2292
2295
2295
2295
2294
2295
2295
2295
2295
2295
2295
2295
2296
2295
2295
2295
2295
2295
2295
2296
2295
2295
2295
2295
2295
2295
2295
2295
2296
2295
2297
2295
2295
2296
2295
2296
2296
2296
2292
2296
2295
2295
2296
2295
2296
2296
2296
2296
2297
2295
2296
2296
2297
2297
2296
2296
2296
2296
2297
2296
2296
2297
2296
2297
2296
2296
2296
2297
2297
2296
2296
2296
2297
2296
2297
2296
2297
2296
2297
2297
2296
2296
2296
2297
2297
2297
2297
2296
2297
2296
2297
2296
2297
2297
2297
2296
2297
2297
2297
2297
2297
2297
2297
2297
2297
2297
2297
2297
2297
2297
2297
2296
2297
2297
2297
2297
2297
2297
2297
2297
2297
2297
2297
2297
2297
2297
2297
2297
2297
2297
2298
2297
2298
2297
2297
2297
2298
2297
2297
2297
2298
2297
2297
2297
2297
2297
2297
2297
2297
2297
2297
2297
2297
2297
2297
2297
2297
2297
2297
2297
2297
2297
2297
2297
2297
2297
2297
2297
2298
2297
2297
2297
2297
2297
2297
2297
2297
2297
2298
2297
2297
2297
2297
2297
2297
2297
2297
2297
2298
2297
2297
2297
2299
2297
2298
2297
2297
2297
2297
2297
2298
2298
2297
2297
2297
2297
2297
2297
2297
2297
2299
2297
2300
2297
2297
2297
2297
2297
2297
2297
2297
2298
2297
2297
2297
2297
2297
2297
2297
2297
2297
2297
2298
2297
2297
2297
2297
2297
2297
2297
2297
2297
2297
2297
2297
2297
2298
2297
2294
2297
2297
2297
2297
2297
2297
2297
2299
2297
2296
2296
2297
2297
2297
2297
2297
2297
2297
2297
2297
2297
2297
2297
2297
2297
2297
2297
2297
2297
2297
2297
2296
2297
2297
2297
2296
2297
2298
2297
2297
2296
2296
2296
2297
2297
2296
2296
2297
2296
2297
2296
2295
2296
2295
2296
2295
2296
2296
2296
2297
2296
2296
2296
2297
2296
2297
2296
2296
2296
2297
2296
2296
2297
2296
2296
2296
2296
2296
2296
2293
2296
2295
2296
2297
2296
2296
2295
2296
2296
2296
2295
2296
2295
2296
2295
2295
2296
2295
2296
2296
2296
2295
2295
2296
2295
2295
2295
2295
2295
2295
2295
2295
2295
2295
2295
2295
2295
2295
2295
2295
2295
2295
2295
2295
2294
2295
2295
2295
2295
2295
2294
2295
2295
2295
2294
2294
2295
2295
2294
2294
2295
2294
2294
2294
2293
2294
2294
2294
2294
2294
2294
2294
2294
2294
2294
2294
2294
2294
2294
2294
2293
2294
2293
2293
2293
2294
2293
2294
2293
2294
2293
2293
2293
2295
2293
2293
2293
2291
2293
2293
2293
2293
2293
2293
2293
2293
2292
2291
2293
2293
2293
2293
2293
2293
2293
2292
2293
2292
2293
2292
2292
2293
2292
2293
2292
2293
2292
2293
2292
2292
2292
2292
2292
2292
2292
2292
2292
