2290
2239
2226
2270
2310
2326
2310
2265
2217
2244
2280
2329
2342
2297
2255
2238
2255
2298
2349
2324
2287
2237
2227
2273
2316
2329
2307
2265
2212
2236
2278
2328
2340
2296
2251
2241
2262
2303
2352
2332
2285
2237
2225
2271
2315
2328
2305
2268
2214
2233
2282
2329
2338
2292
2249
2233
2258
2300
2352
2336
2286
2241
2229
2274
2316
2331
2301
2265
2215
2232
2284
2328
2339
2296
2248
2233
2263
2299
2345
2331
2280
2238
2228
2273
2320
2336
2301
2267
2220
2234
2282
2322
2337
2292
2246
2229
2269
2301
2346
2333
2280
2247
2228
2272
2316
2338
2298
2266
2223
2237
2290
2319
2335
2293
2245
2229
2267
2300
2341
2328
2278
2250
2233
2275
2324
2337
2297
2262
2223
2239
2289
2321
2332
2293
2245
2230
2270
2300
2337
2322
2273
2237
2233
2273
2324
2340
2301
2249
2233
2247
2294
2335
2329
2289
2241
2225
2269
2310
2334
2320
2274
2228
2240
2275
2325
2338
2297
2254
2233
2247
2295
2345
2325
2292
2242
2226
2268
2306
2332
2317
2268
2219
2250
2278
2328
2341
2297
2255
2234
2249
2296
2345
2316
2289
2242
2228
2272
2314
2336
2316
2266
2216
2247
2276
2326
2339
2295
2253
2238
2253
2303
2350
2319
2287
2237
2225
2268
2311
2327
2313
2266
2218
2247
2280
2329
2339
2295
2254
2238
2254
2300
2352
2326
2289
2240
2229
2271
2314
2325
2305
2263
2213
2238
2279
2329
2341
2298
2254
2241
2261
2302
2350
2330
2285
2236
2226
2271
2318
2329
2304
2266
2214
2234
2280
2328
2336
2294
2250
2236
2260
2302
2353
2338
2285
2237
2228
2270
2314
2330
2302
2266
2215
2235
2285
2331
2339
2295
2249
2232
2257
2298
2346
2331
2282
2239
2230
2273
2320
2335
2301
2267
2218
2232
2284
2324
2336
2295
2249
2232
2266
2301
2345
2330
2280
2243
2229
2271
2319
2337
2298
2268
2223
2239
2287
2319
2335
2292
2243
2226
2267
2302
2345
2330
2281
2251
2234
2273
2322
2335
2295
2263
2221
2240
2289
2321
2333
2295
2243
2230
2269
2314
2338
2321
2274
2241
2234
2274
2325
2341
2299
2255
2229
2245
2291
2333
2328
2290
2241
2226
2268
2311
2336
2321
2273
2227
2237
2273
2324
2338
2297
2257
2233
2249
2296
2345
2325
2291
2241
2225
2267
2308
2330
2315
2270
2221
2248
2278
2328
2341
2296
2255
2232
2250
2296
2346
2316
2292
2243
2228
2273
2312
2332
2315
2266
2217
2250
2276
2326
2341
2297
2255
2238
2255
2301
2348
2317
2287
2239
2225
2269
2311
2330
2310
2266
2218
2246
2279
2326
2339
2295
2254
2237
2258
2301
2353
2326
2289
2239
2223
2270
2312
2325
2305
2263
2211
2239
2281
2329
2344
2297
2250
2238
2260
2301
2351
2329
2285
2237
2226
2273
2318
2330
2305
2265
2213
2232
2280
2327
2337
2294
2250
2237
2265
2302
2351
2333
2285
2236
2226
2271
2315
2331
2303
2267
2218
2234
2287
2329
2339
2293
2245
2232
2263
2299
2346
2332
2283
2241
2229
2273
2319
2334
2299
2265
2217
2233
2285
2325
2339
2295
2249
2231
2268
2300
2345
2330
2279
2244
2226
2272
2320
2340
2300
2268
2223
2236
2287
2318
2336
2292
2243
2228
2269
2302
2346
2330
2280
2250
2231
2273
