2413
2413
2412
2411
2408
2408
2407
2406
2404
2402
2401
2399
2397
2394
2392
2389
2387
2384
2383
2379
2376
2374
2371
2368
2367
2361
2359
2355
2352
2348
2345
2340
2337
2333
2329
2325
2321
2318
2314
2310
2307
2304
2298
2293
2289
2285
2281
2277
2274
2269
2266
2262
2258
2255
2250
2246
2243
2239
2236
2232
2229
2225
2222
2219
2216
2212
2209
2206
2203
2199
2197
2194
2191
2188
2185
2183
2181
2178
2176
2174
2172
2170
2168
2165
2164
2163
2161
2159
2159
2157
2156
2155
2155
2153
2153
2153
2153
2152
2152
2151
2152
2152
2152
2153
2153
2154
2155
2156
2157
2157
2156
2161
2162
2164
2167
2168
2170
2173
2175
2177
2179
2182
2185
2188
2191
2193
2196
2200
2202
2206
2209
2212
2216
2220
2223
2227
2228
2236
2240
2243
2247
2251
2255
2258
2264
2268
2273
2277
2282
2285
2289
2294
2297
2301
2305
2309
2313
2317
2321
2325
2329
2332
2336
2339
2342
2346
2349
2352
2355
2359
2361
2364
2368
2371
2374
2376
2379
2382
2385
2387
2390
2392
2394
2397
2399
2401
2403
2404
2408
2407
2408
2409
2411
2411
2410
2413
2414
2414
2415
2415
2413
2415
2415
2415
2414
2413
2413
2413
2412
2410
2409
2408
2407
2405
2404
2402
2401
2398
2393
2393
2392
2389
2387
2384
2382
2379
2376
2374
2370
2367
2365
2361
2358
2355
2352
2348
2345
2341
2337
2333
2329
2325
2321
2317
2313
2310
2307
2303
2297
2293
2289
2284
2281
2277
2273
2269
2266
2262
2255
2253
2250
2247
2243
2239
2235
2232
2229
2225
2222
2218
2216
2212
2209
2205
2203
2200
2197
2194
2191
2188
2185
2183
2181
2178
2176
2173
2171
2169
2167
2165
2164
2162
2161
2159
2161
2157
2155
2155
2154
2153
2152
2153
2149
2153
2152
2152
2152
2152
2152
2153
2153
2154
2155
2155
2157
2158
2160
2161
2164
2164
2166
2169
2171
2173
2175
2177
2179
2182
2185
2188
2191
2193
2197
2200
2201
2206
2209
2212
2216
2219
2223
2227
2232
2235
2240
2244
2247
2251
2255
2258
2259
2268
2273
2277
2284
2285
2287
2293
2298
2302
2305
2310
2313
2317
2321
2325
2329
2332
2336
2339
2343
2345
2349
2353
2356
2359
2362
2365
2368
2370
2374
2376
2379
2382
2384
2387
2389
2392
2394
2397
2399
2401
2402
2404
2406
2407
2409
2409
2411
2412
2413
2413
2413
2414
2415
2415
2415
2415
2415
2414
2414
2414
2413
2413
2412
2410
2409
2408
2408
2405
2402
2402
2400
2398
2396
2394
2392
2389
2387
2385
2382
2379
2376
2373
2370
2367
2365
2361
2358
2355
2352
2348
2345
2340
2337
2333
2329
2325
2321
2317
2313
2310
2307
2303
2297
2293
2288
2284
2279
2277
2273
2269
2265
2261
2257
2254
2247
2245
2242
2239
2235
2232
2228
2224
2221
2217
2215
2211
2209
2205
2203
2200
2196
2194
2191
2188
2185
2182
2180
2178
2175
2173
2171
2169
2167
2165
2164
2162
2161
2159
2158
2157
2156
2154
2154
2153
2153
2153
2152
2152
2152
2152
2151
2152
2152
2153
2154
2154
2155
2156
2158
2159
2160
2161
2163
2165
2167
2169
2171
2173
2176
2177
2180
2183
2186
2188
2192
2194
2197
2200
2203
2207
2210
2213
2216
2220
2224
2228
2232
2236
