2880
2974
3065
3153
3236
3315
3389
3459
3520
3582
3635
3680
3720
3753
3780
3799
3810
3813
3811
3799
3781
3754
3723
3685
3640
3587
3529
3465
3398
3322
3237
3153
3064
2971
2877
2779
2680
2581
2483
2384
2288
2193
2101
2008
1920
1834
1754
1678
1606
1540
1480
1424
1377
1334
1298
1269
1247
1233
1227
1227
1234
1250
1272
1300
1335
1376
1425
1480
1542
1609
1679
1763
1850
1938
2031
2128
2225
2324
2424
2524
2624
2721
2818
2912
3004
3093
3180
3263
3341
3412
3480
3543
3600
3650
3695
3732
3763
3787
3803
3812
3812
3806
3792
3772
3744
3711
3670
3623
3568
3507
3443
3374
3294
3209
3124
3034
2940
2843
2745
2647
2547
2450
2353
2256
2161
2068
1977
1889
1805
1728
1654
1584
1522
1459
1408
1361
1321
1286
1261
1241
1230
1226
1230
1240
1256
1280
1310
1347
1393
1442
1501
1565
1631
1706
1790
1877
1967
2061
2160
2257
2357
2457
2557
2655
2753
2849
2943
3034
3122
3208
3288
3364
3436
3501
3563
3618
3667
3708
3743
3772
3792
3807
3813
3811
3802
3787
3764
3734
3698
3655
3606
3548
3486
3420
3351
3266
3182
3092
3001
2907
2809
2711
2612
2514
2415
2318
2223
2128
2037
1948
1861
1778
1702
1629
1562
1499
1442
1390
1347
1309
1278
1253
1236
1227
1226
1231
1244
1263
1290
1322
1361
1408
1461
1520
1586
1653
1734
1820
1907
1999
2093
2191
2292
2390
2490
2589
2688
2785
2881
2973
3063
3152
3236
3315
3391
3459
3522
3582
3635
3681
3720
3753
3780
3798
3810
3813
3808
3796
3779
3754
3721
3683
3640
3586
3528
3464
3397
3321
3237
3152
3063
2971
2876
2777
2680
2580
2482
2383
2287
2191
2099
2007
1920
1835
1754
1678
1607
1541
1481
1425
1376
1332
1298
1269
1247
1233
1226
1226
1235
1250
1272
1299
1334
1376
1425
1480
1542
1609
1678
1763
1849
1937
2030
2126
2225
2327
2426
2525
2625
2722
2819
2914
3006
3096
3181
3264
3341
3414
3481
3544
3600
3650
3696
3732
3763
3786
3803
3812
3813
3806
3792
3772
3743
3710
3670
3623
3568
3506
3442
3374
3293
3209
3123
3033
2940
2842
2744
2645
2546
2448
2351
2254
2159
2066
1977
1889
1807
1727
1653
1583
1519
1460
1407
1361
1321
1287
1260
1241
1230
1225
1229
1240
1257
1281
1312
1348
1393
1444
1502
1566
1633
1708
1793
1880
1969
2064
2160
2259
2359
2458
2559
2657
2754
2851
2945
3037
3125
3209
3290
3367
3438
3502
3563
3618
3667
3709
3744
3772
3793
3807
3814
3811
3803
3785
3762
3733
3697
3655
3604
3548
3485
3420
3350
3265
3181
3092
3000
2907
2810
2710
2611
2513
2415
2316
2219
2125
2033
1945
1859
1778
1700
1627
1560
1498
1441
1390
1345
1307
1277
1253
1237
1227
1226
1230
1245
1263
1290
1323
1362
1409
1462
1523
1588
1656
1736
1821
1909
2000
2095
2193
2292
2391
2492
2593
2691
2788
2883
2977
3068
3153
3237
3317
3393
3461
3524
3583
3636
3682
3723
3756
3780
3799
3809
3812
3810
3797
3778
3752
3721
3682
3638
3584
3525
3461
3394
3319
3234
3149
3060
2968
2872
2775
2676
2577
2478
2381
2284
2189
2096
2004
1917
1831
1751
1675
1604
1538
1478
1423
1375
1332
1297
1269
1247
1232
1224
1227
1235
1250
1273
1301
1336
1378
1426
1482
1544
1611
1680
1765
1851
1940
2032
2128
2226
2327
2428
2528
2626
2724
2818
2916
3008
3100
3183
3267
3344
3417
3484
3546
3602
3651
3696
3734
3765
3788
3803
3812
3813
3806
3792
3770
3743
3708
3668
3620
3566
3504
3439
3371
3290
3206
3120
3029
2936
2839
2742
2642
2544
2445
2349
2252
2154
2063
1973
1886
1804
1725
1651
1581
1517
1458
1406
1360
1320
1286
1259
1241
1230
1226
1228
1239
1257
1281
1313
1349
1393
1445
1504
1568
1636
1711
1795
1882
1973
2066
2162
2261
2362
2462
2561
2660
2757
2853
2946
3038
3127
3213
3292
3368
3440
3505
3564
3619
3668
3709
3744
3774
3794
3808
3812
3811
3802
3786
3762
3732
3693
3653
3603
3546
3484
3417
3346
3263
3179
3090
2999
2905
2807
2710
2611
2512
2413
2315
2220
2126
2033
1945
1859
1777
1701
1627
1557
1496
1438
1389
1346
1308
1276
1252
1236
1227
1226
1231
1245
1264
1291
1324
1363
1410
1465
1522
1589
1657
1737
1823
1911
2002
2097
2195
2294
2393
2493
2592
2690
2788
2884
2976
3067
3155
3237
3318
3389
3462
3524
3583
3635
3681
3721
3755
3782
3799
3810
3813
3808
3798
3779
3752
3721
3681
3638
3585
3526
3462
3395
3318
3233
3148
3060
2967
2871
2774
2675
2576
2477
2380
2283
2188
2092
2004
1915
1831
1750
1676
1605
1538
1478
1422
1374
1333
1298
1267
1248
1232
1226
1226
1234
1249
1272
1301
1337
1378
1426
1482
1543
1611
1681
1765
1851
1940
2032
2129
2227
2327
2426
2526
2625
2723
2819
2913
3007
3098
3184
3266
3344
3415
3482
3545
3602
3652
3697
3734
3764
3787
3805
3812
3813
3806
3792
3770
3743
3708
3668
3620
3566
3505
3440
3371
3290
3206
3121
3031
2937
2840
2743
2643
2545
2446
2349
2252
2158
2065
1975
1887
1804
1725
1652
1582
1518
1458
1407
1360
1321
1287
1261
1240
1229
1225
1226
1238
1256
1281
1312
1349
1393
1444
1502
1566
1634
1709
1794
1880
1970
2066
2163
2261
2361
2461
2560
2660
2758
2853
2947
3038
3127
3211
3293
3369
3439
3504
3564
3619
3667
3709
3745
3772
3794
3808
3814
3812
3802
3786
3763
3733
3696
3654
3603
3547
3484
3418
3349
3264
3180
3091
3000
2905
2808
2709
2611
2512
2414
2317
2221
2127
2036
1946
1860
1777
1701
1628
1560
1498
1441
1390
1346
1309
1277
1253
1237
1227
1226
1232
1244
1263
1291
1323
1363
1410
1465
1523
1589
1657
1736
1823
1910
2001
2096
2194
2293
2393
2493
2592
2689
2789
2883
2976
3067
3154
3238
3318
3392
3461
