1374
1238
1142
1093
1091
1134
1222
1353
1521
1736
1973
2229
2492
2755
3009
3246
3457
3635
3780
3883
3940
3949
3912
3832
3708
3547
3341
3111
2859
2599
2338
2084
1844
1627
1440
1288
1173
1108
1087
1111
1180
1294
1448
1646
1872
2123
2385
2647
2904
3151
3370
3568
3725
3846
3923
3951
3932
3870
3764
3615
3428
3208
2964
2706
2445
2187
1940
1713
1513
1346
1218
1130
1088
1096
1147
1241
1381
1559
1776
2019
2276
2541
2802
3053
3287
3491
3665
3801
3895
3944
3945
3900
3813
3680
3512
3301
3066
2812
2552
2290
2039
1802
1590
1410
1264
1159
1100
1088
1122
1197
1317
1477
1686
1917
2169
2433
2696
2953
3194
3411
3595
3751
3862
3931
3950
3924
3854
3739
3584
3389
3165
2917
2657
2397
2141
1896
1674
1480
1318
1198
1119
1087
1102
1161
1261
1410
1598
1818
2065
2325
2589
2849
3098
3325
3526
3692
3823
3909
3950
3941
3888
3791
3651
3473
3260
3021
2765
2504
2245
1993
1761
1556
1379
1242
1145
1095
1091
1131
1216
1346
1512
1726
1961
2218
2482
2745
2999
3236
3449
3629
3773
3879
3938
3950
3914
3836
3714
3553
3349
3121
2871
2610
2349
2094
1854
1635
1447
1294
1178
1110
1086
1109
1176
1288
1440
1636
1861
2112
2373
2637
2896
3142
3364
3559
3720
3840
3920
3950
3934
3874
3767
3621
3438
3218
2975
2717
2456
2198
1947
1721
1520
1352
1221
1133
1090
1094
1145
1236
1374
1549
1767
2009
2266
2529
2791
3043
3277
3482
3658
3798
3892
3944
3947
3904
3818
3686
3520
3310
3077
2823
2562
2302
2048
1812
1598
1416
1270
1163
1101
1088
1120
1194
1313
1470
1677
1906
2160
2423
2687
2942
3186
3403
3591
3746
3858
3929
3952
3926
3858
3744
3591
3398
3175
2928
2669
2408
2151
1905
1682
1487
1326
1202
1121
1087
1102
1158
1259
1404
1590
1809
2055
2315
2578
2839
3088
3317
3518
3687
3818
3907
3947
3942
3891
3795
3657
3482
3269
3031
2775
2514
2255
2002
1770
1563
1386
1247
1148
1095
1090
1129
1211
1341
1504
1717
1952
2207
2471
2733
2989
3227
3441
3622
3766
3875
3936
3949
3916
3840
3719
3560
3358
3130
2880
2621
2361
2104
1862
1644
1454
1298
1182
1111
1086
1107
1172
1282
1434
1629
1852
2102
2363
2627
2886
3132
3356
3552
3713
3836
3918
3950
3936
3877
3774
3628
3445
3226
2985
2728
2466
2208
1959
1730
1529
1357
1226
1135
1090
1094
1141
1232
1369
1542
1758
1997
2256
2518
2781
3033
3268
3476
3652
3792
3890
3942
3948
3906
3822
3692
3528
3319
3087
2834
2574
2313
2060
1821
1607
1423
1276
1167
1102
1088
1118
1190
1307
1463
1667
1896
2149
2411
2674
2932
3175
3394
3583
3738
3855
3928
3951
3928
3862
3751
3598
3407
3185
2939
2681
2418
2162
1916
1691
1494
1330
1205
1124
1088
1100
1154
1253
1397
1582
1799
2044
2303
2567
2829
3077
3307
3510
3680
