2598
2602
2605
2608
2610
2613
2617
2618
2623
2626
2628
2631
2634
2637
2640
2643
2645
2648
2652
2654
2658
2659
2663
2665
2667
2670
2673
2675
2674
2679
2682
2685
2686
2689
2691
2692
2695
2697
2699
2701
2703
2704
2706
2706
2707
2709
2711
2712
2714
2714
2715
2717
2717
2719
2719
2719
2722
2721
2722
2723
2722
2723
2723
2722
2724
2724
2724
2724
2724
2722
2722
2723
2722
2721
2721
2720
2720
2719
2719
2717
2713
2716
2714
2713
2712
2710
2709
2708
2705
2705
2704
2701
2699
2698
2695
2693
2691
2689
2688
2685
2683
2681
2678
2676
2673
2671
2669
2665
2663
2661
2658
2655
2653
2649
2645
2645
2641
2638
2635
2632
2629
2626
2623
2620
2614
2613
2610
2606
2602
2599
2595
2592
2588
2583
2580
2577
2573
2569
2566
2562
2560
2556
2553
2550
2548
2542
2537
2532
2528
2523
2519
2516
2512
2508
2504
2501
2499
2495
2491
2488
2484
2481
2477
2473
2471
2466
2463
2459
2457
2452
2449
2445
2443
2439
2436
2433
2430
2426
2423
2419
2417
2415
2411
2408
2406
2403
2400
2397
2394
2392
2389
2385
2384
2381
2377
2375
2373
2370
2368
2365
2364
2361
2358
2356
2353
2351
2350
2347
2344
2343
2341
2339
2337
2335
2335
2333
2332
2330
2328
2326
2326
2324
2324
2324
2321
2320
2320
2319
2318
2317
2317
2317
2316
2315
2315
2315
2314
2313
2314
2314
2315
2313
2317
2314
2315
2315
2315
2316
2317
2317
2318
2319
2319
2320
2320
2321
2324
2325
2326
2326
2328
2329
2331
2333
2335
2336
2338
2340
2342
2344
2346
2348
2350
2354
2355
2358
2361
2362
2366
2367
2370
2373
2376
2379
2381
2383
2388
2389
2393
2395
2398
2401
2405
2407
2410
2413
2419
2421
2424
2427
2431
2434
2438
2442
2445
2449
2453
2457
2460
2464
2468
2472
2474
2477
2481
2485
2487
2490
2497
2503
2508
2512
2517
2521
2524
2528
2532
2535
2538
2541
2546
2549
2553
2556
2560
2563
2567
2570
2574
2577
2581
2585
2588
2591
2595
2598
2602
2605
2608
2611
2614
2617
2620
2623
2625
2629
2632
2636
2633
2640
2640
2646
2649
2650
2655
2657
2660
2662
2664
2667
2670
2672
2675
2677
2681
2683
2684
2686
2689
2691
2692
2695
2697
2698
2701
2701
2704
2705
2706
2708
2709
2711
2713
2713
2715
2716
2716
2717
2719
2720
2721
2721
2721
2721
2721
2722
2724
2723
2723
2724
2724
2724
2724
2723
2724
2723
2722
2723
2722
2721
2720
2719
2719
2719
2717
2716
2714
2714
2713
2712
2710
2709
2708
2705
2704
2702
2701
2699
2697
2696
2693
2691
2689
2687
2682
2683
2681
2678
2676
2673
2671
2668
2665
2663
2660
2657
2655
2652
2647
2647
2644
2641
2638
2635
2632
2629
2626
2623
2619
2616
2613
2609
2606
2602
2599
2594
2591
2588
2584
2580
2576
2572
2570
2565
2560
2559
2556
2553
2550
2547
2542
2535
2531
2526
2522
2518
2514
2511
2508
2504
2501
2497
2494
2490
2487
2482
2480
2476
2473
2469
2465
2462
2459
2455
2451
2448
2445
2442
2437
2435
2432
2429
2426
2423
2420
2417
2414
2411
2409
2404
2401
2401
2397
2394
2391
2388
2386
2382
2381
2377
2376
2373
2370
2367
2365
2362
2360
2358
2356
2353
