1346
2622
2778
1292
3091
2205
1582
3289
1659
2103
3149
1322
2687
2717
1310
3130
2136
1633
3291
1606
2172
3111
1302
2748
2655
1331
3166
2069
1687
3289
1556
2240
3070
1286
2808
2588
1358
3197
2001
1743
3281
1509
2310
3025
1276
2866
2522
1389
3224
1935
1804
3265
1467
2379
2976
1271
2921
2453
1424
3246
1871
1865
3248
1428
2448
2925
1270
2972
2386
1462
3265
1809
1930
3226
1394
2516
2870
1271
3021
2317
1506
3278
1748
1995
3200
1362
2585
2813
1282
3066
2247
1552
3287
1691
2063
3169
1335
2649
2753
1298
3104
2178
1600
3290
1637
2131
3133
1313
2712
2691
1318
3145
2109
1654
3291
1585
2200
3094
1294
2774
2627
1341
3178
2042
1709
3289
1537
2269
3052
1282
2833
2561
1370
3208
1974
1767
3275
1492
2338
3005
1274
2889
2494
1403
3234
1909
1828
3259
1451
2407
2956
1270
2943
2425
1440
3255
1845
1892
3240
1413
2476
2903
1270
2993
2356
1480
3271
1783
1957
3216
1380
2543
2848
1276
3041
2288
1524
3282
1726
2023
3188
1351
2610
2789
1289
3084
2220
1571
3289
1668
2090
3155
1326
2674
2729
1306
3124
2149
1623
3291
1615
2160
3117
1305
2738
2665
1327
3158
2081
1676
3290
1565
2228
3077
1289
2799
2601
1352
3192
2014
1732
3282
1518
2298
3032
1278
2856
2534
1383
3219
1948
1791
3268
1474
2367
2984
1272
2912
2465
1417
3242
1883
1854
3252
1434
2435
2934
1270
2964
2397
1454
3262
1820
1917
3231
1400
2503
2880
1272
3013
2328
1498
3277
1759
1983
3205
1368
2570
2824
1281
3059
2260
1540
3285
1702
2049
3175
1340
2636
2765
1296
3100
2190
1592
3290
1647
2118
3140
1317
2699
2703
1314
3138
2122
1644
3291
1595
2186
3102
1298
2762
2641
1335
3173
2054
1699
3289
1545
2256
3060
1284
2820
2574
1363
3202
1988
1755
3277
1499
2325
3014
1275
2877
2508
1395
3229
1922
1816
3262
1458
2394
2965
1270
2932
2440
1431
3251
1858
1879
3244
1420
2462
2914
1269
2983
2371
1471
3267
1797
1942
3221
1386
2530
2858
1273
3031
2303
1514
3281
1737
2006
3194
1357
2596
2801
1285
3074
2233
1562
3287
1681
2075
3162
1330
2661
2741
1302
3115
2164
1612
3291
1627
2144
3126
1306
2724
2679
1321
3152
2095
1665
3290
1576
2212
3087
1292
2785
2614
1346
3185
2028
1722
3284
1528
2282
3043
1280
2844
2549
1376
3213
1961
1779
3272
1484
2351
2996
1272
2900
2482
1410
3237
1898
1841
3256
1443
2420
2946
1269
2952
2413
1446
3258
1833
1904
3236
1408
2488
2893
1271
3002
2345
1488
3273
1773
1968
3211
1374
2555
2837
1278
3047
2276
1533
3284
1715
2035
3182
1346
2621
2779
1291
3091
2207
1581
3289
1659
2102
3149
1322
2686
2718
1310
3129
2139
1631
3291
1606
2171
3111
1304
2748
2655
1330
3165
2071
1685
3289
1557
2240
3071
1286
2808
2589
1358
3196
2002
1742
3280
1510
2309
3025
1276
2865
2522
1388
3223
1936
1802
3266
1468
2377
2977
1271
2920
2454
1425
3245
1872
1863
3249
1429
2446
2926
1270
2972
2386
1462
3265
1809
1928
3227
1394
2513
2873
1272
3020
2318
1504
3277
1750
1993
3201
1363
2580
2817
1282
3064
2249
1550
