531
1867
4095
3152
517
1903
4095
3114
501
1943
4095
3076
495
1981
4095
3040
483
2018
4095
3002
473
2057
4095
2962
464
2096
4095
2924
456
2135
4095
2885
448
2174
4095
2846
442
2215
4095
2809
435
2253
4095
2769
429
2328
4095
2694
421
2368
4095
2654
418
2407
4095
2615
416
2448
4095
2576
413
2532
4095
2493
410
2571
4095
2453
410
2669
4095
2358
411
2708
4095
2318
419
2746
4095
2280
424
2785
4095
2241
429
2823
4095
2202
435
2863
4095
2164
443
2921
4095
2105
454
2960
4095
2069
464
2998
4095
2029
473
3037
4095
1990
483
3118
4095
1912
506
3153
4095
1876
518
3190
4095
1838
531
3229
4095
1800
543
3306
4095
1723
576
3343
4095
1689
592
3437
4095
1598
636
3471
4095
1562
653
3505
4095
1527
673
3539
4095
1494
693
3574
4095
1459
712
3608
4095
1426
733
3662
4095
1372
768
3694
4095
1340
791
3726
4095
1309
814
3758
4095
1276
837
3820
4095
1214
885
3851
4095
1184
911
3880
4095
1154
936
3910
4075
1123
963
3969
4021
1065
1018
3997
3995
1038
1046
4071
3918
964
1123
4095
3889
938
1154
4095
3857
912
1184
4095
3828
887
1214
4095
3799
863
1246
4095
3769
840
1278
4095
3718
805
1325
4095
3687
782
1358
4095
3655
760
1393
4095
3622
739
1427
4095
3549
695
1501
4095
3516
675
1534
4095
3480
657
1569
4095
3447
640
1605
4095
3376
604
1679
4095
3337
588
1715
4095
3242
549
1812
4095
3207
536
1848
4095
3169
523
1885
4095
3131
510
1923
4095
3096
499
1960
4095
3060
488
1997
4095
2994
471
2064
4095
2954
462
2105
4095
2918
454
2141
4095
2880
447
2179
4095
2803
434
2259
4095
2763
429
2297
4095
2726
424
2336
4095
2687
420
2376
4095
2604
414
2457
4095
2567
412
2497
4095
2466
410
2598
4095
2428
409
2640
4095
2388
409
2679
4095
2349
413
2715
4095
2311
419
2753
4095
2272
425
2793
4095
2212
434
2855
4095
2175
441
2893
4095
2136
450
2931
4095
2098
457
2968
4095
2015
477
3053
4095
1977
487
3089
4095
1940
497
3128
4095
1901
509
3165
4095
1826
534
3241
4095
1790
549
3279
4095
1696
588
3374
4095
1661
605
3408
4095
1625
622
3440
4095
1590
639
3479
4095
1557
657
3510
4095
1521
676
3548
4095
1466
709
3598
4095
1432
730
3635
4095
1399
750
3668
4095
1368
771
3700
4095
1302
818
3764
4095
1271
841
3795
4095
1241
865
3826
4095
1209
888
3855
4092
1142
946
3921
4066
1114
972
3950
3998
1041
1042
4022
3970
1013
1070
4048
3942
987
1098
4073
3915
961
1126
4095
3884
935
1158
4095
3855
907
1187
4095
3809
872
1234
4095
3779
848
1265
4095
3747
826
1297
4095
3717
803
1329
4095
3649
757
1396
4095
3617
736
1429
4095
3585
716
1464
4095
3550
697
1497
4095
3478
656
1573
4095
3445
638
1608
4095
3347
592
1707
4095
3311
577
1741
4095
3275
562
1778
4095
3239
547
1817
4095
3202
534
1852
4095
3166
521
1891
4095
3114
504
1944
4095
3076
495
1982
4095
3037
482
2018
4095
3001
473
2057
4095
2913
453
2145
4095
2875
446
2184
4095
2838
440
2222
4095
2800
434
2261
4095
2723
424
2340
4095
2685
421
2378
4095
2578
411
2484
4095
2541
411
2524
4095
2500
410
2562
4095
2462
410
2601
4095
2424
410
2641
4095
2385
410
2680
4095
2329
418
2737
4095
2290
423
2775
4095
2251
428
2814
4095
2213
434
2852
4095
2131
449
2934
4095
2093
457
2971
4095
2056
466
3009
4095
2017
475
3049
4095
1936
498
3132
4095
1898
510
3170
4095
1803
544
3265
4095
1767
557
3300
4095
1731
572
3336
4095
1695
588
3373
4095
1659
605
3408
4095
1625
621
3444
4095
1570
649
3499
4095
1534
668
3534
4095
1500
687
3567
4095
1466
708
3600
4095
1396
750
3671
4095
1363
774
3701
4095
1330
797
3735
4095
1299
820
3766
4095
1238
866
3825
4095
1208
891
3856
4095
1124
963
3939
4050
1095
990
3968
4023
1067
1016
3995
3996
1039
1042
4022
3968
1011
1071
4049
3940
986
1099
4074
3913
948
1141
4095
3872
923
1171
4095
3841
898
1202
4095
3812
875
1231
4095
3780
826
1296
4095
3718
803
1328
4095
3685
781
1360
4095
3656
760
1394
4095
3621
714
1466
4095
3548
696
1501
4095
3515
646
1592
4095
3423
628
1629
4095
3388
611
1666
4095
3353
594
1702
4095
3317
579
1736
4095
3279
565
1771
4095
3246
545
1825
4095
3193
531
1863
4095
3158
518
1900
4095
3121
507
1936
4095
3082
482
2023
4095
2997
472
2061
4095
2961
462
2100
4095
2922
455
2136
4095
2885
440
2216
4095
2807
435
2254
4095
2767
422
2362
4095
2660
419
2401
4095
2622
416
2441
4095
2583
414
2479
4095
2546
411
2517
4095
2506
410
2557
4095
2467
410
2614
4095
2411
410
2653
4095
2372
406
2692
4095
2333
417
2730
4095
2296
428
2813
4095
2215
434
2853
4095
2177
441
2891
4095
2138
448
2929
4095
2100
465
3003
4095
2025
474
3041
4095
1988
504
3150
4095
1883
515
3185
4095
1845
528
3223
4095
1808
542
3259
4095
1772
556
3296
4095
1736
570
3333
4095
1699
594
3385
4095
1648
610
3421
4095
1614
627
3456
4095
1577
645
3490
4095
1543
684
3562
4095
1473
704
3594
4095
1440
724
3627
4095
1407
745
3660
4095
1374
789
3724
4095
1308
814
3758
4095
1278
878
3842
4095
1193
902
3872
4095
1163
927
3900
4085
1134
953
3929
4060
1106
979
3958
4032
1076
1006
3985
4005
1048
1046
4026
3966
1010
1075
4052
3939
982
1103
4078
3910
