1732
1734
1736
1736
1739
1741
1744
1745
1748
1750
1754
1755
1757
1760
1761
1765
1768
1771
1773
1777
1780
1783
1786
1789
1792
1794
1797
1799
1803
1807
1810
1813
1815
1817
1821
1823
1826
1829
1832
1835
1837
1840
1843
1846
1849
1851
1855
1856
1859
1861
1864
1866
1869
1871
1873
1875
1878
1880
1882
1884
1887
1888
1890
1892
1894
1896
1897
1899
1900
1902
1903
1904
1905
1906
1907
1908
1908
1909
1909
1910
1911
1911
1911
1911
1911
1911
1911
1911
1911
1911
1910
1909
1909
1907
1907
1906
1905
1904
1902
1901
