4095
2329
926
4095
1756
1371
4095
1240
1909
4095
827
2498
4095
537
3100
3824
414
3642
3318
464
4092
2745
682
4095
2154
1046
4095
1593
1526
4095
1061
2142
4095
696
2734
4092
471
3312
3647
405
3822
3109
525
4095
2526
840
4095
1881
1261
4095
1348
1783
4095
909
2364
4095
591
2957
3936
429
3514
3402
445
4029
2836
639
4095
2245
983
4095
1590
1526
4095
1100
2087
4095
726
2679
4095
486
3259
3692
405
3777
3162
508
4095
2582
771
4095
1992
1168
4095
1416
1707
4095
962
2281
4095
628
2878
3994
442
3441
3524
422
3931
2973
577
4095
2336
921
4095
1761
1365
4095
1243
1904
4095
830
2491
4095
545
3081
3841
410
3683
3273
475
4095
2699
707
4095
2022
1147
4095
1473
1646
4095
1007
2216
4095
660
2811
4040
454
3382
3581
414
3881
3037
553
4095
2450
848
4095
1869
1291
4095
1319
1817
4095
885
2401
4095
580
2992
3910
424
3544
3423
440
4015
2801
655
4095
2211
1006
4095
1646
1472
4095
1148
2025
4095
759
2616
4095
504
3266
3687
405
3783
3158
509
4095
2577
826
4095
1902
1242
4095
1368
1760
4095
924
2342
4095
604
2934
3953
433
3492
3474
430
3972
2917
602
4095
2324
928
4095
1723
1398
4095
1212
1941
4095
807
2533
4095
530
3120
3810
412
3657
3300
482
4095
2673
721
4095
2083
1100
4095
1527
1590
4095
1051
2155
4095
690
2749
4035
453
3386
3576
415
3886
3031
555
4095
2359
905
4095
1781
1346
4095
1262
1881
4095
844
2467
4095
551
3056
3860
417
3603
3361
453
4061
2792
660
4095
2179
1030
4095
1615
1504
4095
1122
2060
4095
741
2654
4095
494
3236
3713
406
3812
3121
522
4095
2537
796
4095
1952
1202
4095
1409
1714
4095
957
2290
4095
597
2949
3942
430
3507
3460
433
3985
2820
646
4095
2229
993
4095
1662
1457
4095
1159
2008
4095
769
2599
4095
509
3183
3756
408
3713
3239
485
4095
2660
738
4095
2052
1124
4095
1499
1619
4095
1028
2186
4095
674
2780
4061
461
3352
3550
417
3907
3001
566
4095
2414
872
4095
1834
1301
4095
1306
1829
4095
876
2479
4095
549
3066
3852
416
3612
3352
477
4095
2689
711
4095
2102
1086
4095
1544
1569
4095
1063
2138
4095
699
2731
4094
473
3307
3650
405
3819
3115
525
4095
2504
815
4095
1921
1228
4095
1384
1742
4095
936
2320
4095
612
2914
3968
426
3532
3437
437
4003
2873
621
4095
2285
955
4095
1714
1410
4095
1204
1954
4095
768
2601
4095
508
3185
3756
408
3789
3152
513
4095
2569
776
4095
1983
1178
4095
1438
1682
4095
980
2256
4095
641
2850
4012
448
3417
3549
418
3909
2975
576
4095
2387
887
4095
1808
1322
4095
1286
1853
4095
862
2440
4095
564
3092
3832
414
3634
3327
461
4083
2756
678
4095
2168
1038
4095
1605
1514
4095
1061
2141
4095
698
2733
4091
472
3309
3576
415
3884
3031
555
4095
2445
852
4095
1865
1276
4095
1332
1801
4095
897
2383
4095
587
2974
3924
427
3527
3439
440
4018
2852
631
4095
2265
969
4095
1694
1429
4095
1187
1976
4095
788
2565
4095
499
3213
3733
408
3740
3209
494
4095
2630
743
4095
2043
1131
4095
1492
1686
4095
980
2258
4095
641
2851
4012
432
3494
3471
430
3975
2912
603
4095
2324
930
4095
1748
1378
4095
1233
1919
4095
822
2505
4095
539
3093
3832
414
3659
3300
467
4095
2727
691
4095
2138
1057
4095
1579
1538
4095
1092
2097
4095
689
2752
4080
467
3325
3632
405
3836
3095
533
4095
2510
811
4095
1925
1223
4095
1341
1789
4095
903
2373
4095
592
3049
3866
418
3596
3368
452
4056
2801
656
4095
2211
1007
4095
1644
1475
4095
1146
2029
4095
757
2621
4095
503
3204
3712
406
3760
3186
501
4095
2604
758
4095
2016
1151
4095
1468
1652
4095
1003
2287
4095
628
2880
3992
441
3445
3522
423
3933
2970
580
4095
2382
891
4095
1758
1367
4095
1243
1906
4095
829
2493
4095
511
3175
3763
409
3708
3245
483
4095
2670
721
4095
2081
1102
4095
1527
1591
4095
1050
2157
4095
689
2750
4078
460
3356
3606
409
3859
3064
542
4095
2478
831
4095
1896
1249
4095
1361
1768
4095
882
2404
4095
578
2996
3907
424
3548
3421
441
4018
2855
630
4095
2266
1001
4095
1650
1468
4095
1152
2017
4095
710
2708
4095
478
3285
3668
405
3800
3137
516
4095
2555
787
4095
1967
1189
4095
1425
1698
4095
969
2273
4095
634
2901
3977
438
3464
3502
425
3948
2948
588
4095
2361
905
4095
1784
1346
4095
1217
1937
4095
810
2525
4095
533
3112
3816
412
3653
3307
466
4095
2734
689
4095
2090
1094
4095
1534
1583
4095
1056
2238
4095
649
2830
4025
450
3400
3564
416
3896
3017
561
4095
2432
859
4095
1851
1286
4095
1323
1812
4095
889
2394
4095
570
3014
3893
421
3566
3401
444
4029
2836
638
4095
2247
981
4095
1680
1493
4095
1129
2049
4095
745
2640
4095
496
3222
3724
406
3745
3203
495
4095
2567
773
4095
1983
1177
4095
1437
1684
4095
913
2358
4095
597
2949
3942
429
3506
3460
432
3984
2899
610
4095
2311
938
4095
1736
1389
4095
1225
1929
4095
795
2552
4095
524
3138
3795
411
3673
3284
473
4095
2711
701
4095
2120
1072
4095
1518
1598
4095
1044
2164
4095
682
2758
4076
466
3332
3628
404
3838
3090
554
4095
2446
850
4095
1866
1273
4095
1257
1887
4095
841
2474
4095
551
3063
3856
417
3608
3356
455
4064
2786
662
4095
2196
1016
4095
1631
1486
4095
1136
2073
4095
733
2667
4095
490
3245
3705
405
3766
3176
