2318
2316
2317
2316
2316
2316
2316
2314
2315
2315
2314
2314
2315
2314
2315
2315
2315
2314
2315
2315
2315
2314
2314
2315
2315
2315
2316
2315
2316
2315
2316
2317
2317
2317
2316
2317
2314
2319
2319
2319
2319
2319
2320
2320
2320
2321
2322
2323
2324
2324
2323
2324
2324
2326
2327
2327
2328
2328
2329
2330
2332
2331
2332
2333
2335
2335
2336
2337
2338
2339
2340
2341
2341
2342
2343
2344
2346
2346
2347
2349
2350
2352
2353
2353
2354
2355
2356
2358
2359
2360
2361
2363
2365
2365
2367
2368
2369
2371
2372
2373
