3253
1384
3065
1650
2743
2021
2342
2436
1930
2825
1579
3121
1344
3280
1260
3274
1357
3102
1605
2797
1965
2405
2375
1991
2770
1628
3083
1370
3266
1262
3287
1329
3141
1554
2857
1895
2477
2301
2065
2701
1689
3033
1410
3243
1272
3296
1304
3181
1501
2919
1824
2552
2223
2139
2630
1750
2980
1451
3216
1284
3301
1285
3213
1456
2976
1758
2623
2147
2216
2560
1817
2923
1498
3182
1303
3296
1271
3243
1410
3032
1690
2701
2066
2298
2478
1895
2856
1553
3140
1329
3285
1262
3267
1370
3085
1623
2774
1986
2380
2398
1970
2788
1612
3095
1361
3269
1260
3283
1337
3131
1566
2842
1913
2457
2321
2044
2721
1672
3047
1397
3251
1268
3294
1312
3168
1518
2899
1848
2524
2249
2114
2656
1729
3002
1434
3228
1278
3300
1292
3199
1475
2949
1791
2587
2188
2175
2603
1777
2959
1466
3205
1289
3303
1281
3221
1445
2986
1745
2637
2137
2225
2553
1822
2923
1498
3185
1301
3297
1273
3237
1421
3016
1712
2672
2102
2259
2519
1852
2898
1517
3170
1308
3294
1269
3246
1408
3033
1693
2694
2076
2283
2497
1872
2879
1533
3159
1317
3291
1266
3253
1394
3047
1675
2712
2058
2302
2481
1885
2868
1541
3153
1320
3290
1266
3254
1396
3047
1677
2708
2065
2293
2492
1873
2879
1530
3162
1313
3293
1269
3246
1410
3028
1701
2681
2094
2263
2521
1848
2904
1510
3177
1304
3296
1272
3238
1420
3015
1715
2666
2110
2249
2533
1835
2913
1502
3181
1301
3298
1274
3235
1424
3008
1723
2656
2122
2236
2546
1825
2922
1494
3188
1298
3299
1276
3230
1434
3000
1734
2644
2132
2225
2553
1817
2928
1490
3190
1297
3300
1277
3228
1436
2997
1738
2642
2136
2224
2554
1815
2928
1490
3190
1297
3300
1276
3229
1435
2998
1735
2641
2129
2230
2552
1821
2926
1494
3188
1298
3299
1276
3231
1432
3002
1728
2652
2124
2237
2542
1829
2916
1501
3181
1301
3297
1273
3239
1420
3018
1711
2674
2098
2265
2513
1856
2893
1522
3166
1312
3293
1268
3249
1402
3041
1681
2708
2061
2301
2478
1891
2858
1549
3144
1326
3287
1264
3263
1377
3076
1638
2759
2004
2363
2413
1953
2803
1599
3103
1355
3273
1259
3281
1342
3124
1574
2834
1921
2451
2325
2039
2723
1670
3048
1398
3249
1270
3295
1308
3175
1506
2914
1827
2551
2222
2142
2625
1760
2972
1460
3209
1288
3302
1280
3225
1438
3000
1727
2661
2105
2260
2513
1861
2882
1534
3154
1321
3289
1264
3263
1376
3079
1628
2772
1985
2384
2390
1982
2775
1628
3079
1374
3262
1263
3290
1320
3158
1528
2890
1851
2527
2244
2125
2642
1744
2982
1453
3213
1287
3304
1280
3225
1436
3004
1720
2671
2094
2277
2497
1880
2865
1550
3140
1330
3284
1262
3271
1361
3101
1602
2804
1949
2424
2349
2021
2739
1660
3053
1396
3247
1269
3295
1306
3179
1498
2927
1809
2571
2199
2170
2597
1784
2947
1480
3194
1297
3299
1274
3238
1415
3027
1691
2702
2061
2306
2468
1905
2844
1566
3128
1339
3281
1260
3272
1352
3111
1589
2817
1935
2439
2336
2035
2728
1670
3047
1400
3247
1270
3296
1304
3182
1495
2929
1809
2574
2197
2171
2600
1785
2950
1478
3194
1296
