1726
3503
4095
4095
2532
918
459
1518
3296
4095
4095
2763
1074
427
1342
3100
4095
4095
2966
1230
425
1161
2878
4095
4095
3185
1418
445
996
2676
4095
4095
3374
1597
483
862
2446
4077
4095
3578
1807
550
731
2218
3919
4095
3750
2007
632
629
2013
3757
4095
3927
2233
743
539
1791
3559
4095
4088
2439
859
481
1602
3381
4095
4095
2668
982
440
1434
3204
4095
4095
2858
1146
423
1245
2983
4095
4095
3084
1328
432
1071
2755
4095
4095
3301
1525
465
914
2540
4095
4095
3495
1721
520
783
2312
3985
4095
3691
1939
601
662
2084
3815
4095
3855
2140
693
574
1883
3646
4095
4021
2367
815
500
1669
3450
4095
4095
2571
943
450
1486
3258
4095
4095
2802
1073
426
1325
3079
4095
4095
2987
1249
426
1144
2856
4095
4095
3207
1437
447
981
2630
4095
4095
3419
1640
496
834
2411
4054
4095
3608
1843
563
712
2184
3890
4095
3796
2063
657
605
1959
3712
4095
3951
2267
760
529
1761
3535
4095
4095
2496
895
467
1553
3326
4095
4095
2700
1028
429
1376
3139
4095
4095
2926
1170
424
1219
2953
4095
4095
3114
1354
435
1048
2724
4095
4095
3332
1553
472
893
2496
4095
4095
3535
1761
533
757
2279
3961
4095
3717
1967
614
647
2054
3789
4095
3896
2192
720
554
1831
3599
4095
4044
2399
834
490
1640
3419
4095
4095
2627
979
442
1438
3209
4095
4095
2828
1124
424
1269
3011
4095
4095
3054
1275
427
1119
2818
4095
4095
3239
1467
453
958
2595
4095
4095
3449
1671
503
813
2366
4022
4095
3648
1886
580
689
2147
3863
4095
3825
2099
673
590
1922
3680
4095
3994
2325
793
512
1708
3484
4095
4095
2526
913
462
1526
3301
4095
4095
2755
1070
426
1329
3085
4095
4095
2962
1226
425
1164
2882
4095
4095
3183
1381
440
1026
2694
4095
4095
3359
1582
478
873
2463
4088
4095
3564
1792
544
739
2233
3930
4095
3755
2011
633
627
2017
3762
4095
3922
2226
739
542
1800
3569
4095
4081
2456
869
476
1587
3365
4095
4095
2661
1002
435
1409
3177
4095
4095
2886
1168
423
1222
2957
4095
4095
3091
1335
432
1066
2749
4095
4095
3309
1499
456
933
2557
4095
4095
3481
1705
514
793
2330
3997
4095
3678
1919
594
671
2101
3827
4095
3859
2145
697
573
1889
3652
4095
4019
2361
812
501
1675
3454
4095
4095
2589
954
447
1470
3245
4095
4095
2791
1096
425
1299
3049
4095
4095
3020
1272
428
1120
2824
4095
4095
3217
1445
449
975
2619
4095
4095
3428
1612
488
852
2430
4065
4095
3592
1825
556
721
2200
3903
4095
3782
2046
650
612
1974
3725
4095
3954
2271
762
528
1767
3543
4095
4095
2487
890
469
1559
3337
4095
4095
2718
1042
427
1360
3119
4095
4095
2921
1194
424
1196
2922
4095
4095
3142
1379
438
1028
2697
4095
4095
3338
1561
473
889
2487
4095
4095
3543
1733
523
775
2298
3975
4095
3703
1949
606
656
2072
3805
4095
3881
2170
710
562
1852
3617
4095
4044
2400
836
491
1649
3429
4095
4095
2618
970
442
1445
3217
4095
4095
2845
1136
424
1256
2996
4095
4095
3048
1298
429
1098
2794
4095
4095
3267
1492
458
938
2565
4095
4095
3453
1674
504
811
2363
4020
4095
3649
1855
568
705
2170
3880
4095
3807
2077
663
599
1944
3698
4095
3978
2303
780
518
1727
3504
4095
4095
2530
916
459
1531
3309
4095
4095
2747
1064
426
1336
3092
4095
4095
2976
1238
425
1154
2867
4095
4095
3169
1404
442
1009
2669
4095
4095
3382
1603
482
858
2439
4073
4095
3566
1796
545
738
2231
3927
4095
3756
1978
618
642
2042
3782
4095
3904
2201
725
551
1823
3593
4095
4064
2429
854
483
1613
3391
4095
4095
2660
1001
433
1420
3188
4095
4095
2874
1159
424
1233
2969
4095
4095
3098
1338
432
1061
2744
4095
4095
3291
1517
463
920
2538
4095
4095
3500
1724
519
780
2309
3982
4095
3677
1919
594
672
2103
3829
4095
3858
2103
676
588
1918
3677
4095
3997
2331
796
509
1702
3477
4095
4095
2560
935
453
1496
3271
4095
4095
2788
1093
425
1312
3065
4095
4095
3003
1259
426
1132
2841
4095
4095
3223
1451
448
969
2613
4095
4095
3411
1632
492
838
2408
4050
4095
3611
1844
564
710
2180
3889
4095
3779
2041
647
614
1979
3728
4095
3951
2231
741
541
1794
3567
4095
4084
2460
871
476
1585
3365
4095
4095
2688
1023
429
1385
3149
4095
4095
2917
1191
425
1210
2941
4095
4095
3124
1364
436
1042
2716
4095
4095
3339
1562
474
888
2487
4095
4095
3522
1748
528
766
2282
3964
4095
3715
1965
614
649
2056
3792
4095
3879
2169
709
563
1854
3620
4095
4043
2358
811
502
1675
3454
4095
4095
2588
954
448
1472
3245
4095
4095
2816
1112
425
1281
3028
4095
4095
3039
1291
426
1113
2814
4095
4095
3249
1474
454
950
2584
4095
4095
3458
1680
507
808
2355
4032
4095
3635
1871
575
695
2151
3866
4095
3820
2094
672
590
1925
3684
4095
3975
2301
778
519
1730
3505
4095
4095
2490
891
469
1558
3336
4095
4095
2719
1042
429
1360
3121
4095
4095
2946
1214
424
1177
2897
4095
4095
3169
1401
440
1017
2682
4095
4095
3371
1591
481
866
2453
4081
4095
3574
1803
549
733
2223
3940
4095
3744
2000
628
632
2021
3763
4095
3920
2223
737
544
1803
3574
4095
4062
2426
851
484
1615
3394
4095
4095
2621
976
442
1442
3213
4095
4095
2850
1139
423
1253
2993
4095
4095
3073
1320
431
1080
2769
4095
4095
3291
1514
463
930
2552
4095
4095
3486
1712
517
788
2322
3993
4095
