2300
2298
2296
2292
2289
2287
2284
2281
2280
2277
2276
2274
2270
2269
2268
2265
2263
2261
2259
2257
2255
2252
2251
2248
2246
2244
2243
2241
2239
2237
2235
2233
2232
2229
2228
2226
2225
2223
2222
2220
2218
2216
2215
2213
2212
2209
2208
2207
2203
2204
2203
2202
2201
2200
2198
2197
2196
2195
2194
2193
2194
2191
2191
2190
2190
2189
2189
2188
2187
2187
2186
2186
2185
2186
2185
2185
2185
2184
2185
2184
2184
2184
2186
2185
2185
2186
2186
2187
2187
2187
2188
2189
2189
2191
2191
2192
2193
2193
2195
2196
2196
2198
2199
2201
2202
2203
2205
2207
2208
2209
2211
2212
2213
2215
2217
2219
2220
2222
2224
2226
2228
2229
2231
2233
2235
2237
2239
2241
2245
2245
2248
2250
2253
2255
2257
2259
2262
2264
2265
2267
2269
2273
2276
2279
2281
2283
2286
2288
2290
2292
2294
2297
2299
2301
2303
2305
2307
2309
2312
2313
2316
2318
2320
2322
2324
2326
2328
2329
2332
2333
2335
2337
2338
2340
2341
2343
2345
2346
2349
2350
2353
2353
2355
2356
2358
2359
2361
2362
2364
2365
2366
2368
2369
2370
2370
2372
2373
2374
2375
2375
2376
2377
2377
2378
2379
2379
2380
2381
2381
2381
2381
2381
2381
2381
2382
2381
2381
2381
2381
2381
2382
2380
2380
2380
2380
2379
2379
2378
2377
2377
2376
2375
2374
2374
2373
2372
2371
2369
2368
2367
2367
2364
2363
2362
2361
2359
2358
2356
2356
2353
2352
2349
2348
2347
2344
2343
2343
2340
2339
2336
2334
2333
2330
2328
2327
2324
2322
2320
2318
2315
2313
2311
2309
2306
2305
2303
2301
2299
2297
2295
2292
2289
2286
2284
2281
2279
2277
2275
2273
2271
2269
2267
2265
2263
2260
2258
2257
2254
2252
2249
2248
2245
2244
2241
2241
2239
2237
2235
2233
2231
2229
2228
2225
2224
2222
2220
2219
2218
2215
2215
2213
2212
2210
2208
2207
2205
2204
2203
2201
2200
2200
2197
2198
2196
2194
2193
2193
2192
2191
2190
2190
2189
2188
2188
2187
2187
2187
2186
2186
2185
2185
2185
2185
2185
2185
2184
2185
2185
2185
2185
2186
2185
2186
2186
2187
2187
2188
2188
2189
2190
2191
2191
2192
2193
2193
2195
2196
2197
2198
2200
2201
2202
2203
2205
2207
2208
2210
2211
2213
2214
2216
2217
2219
2221
2223
2224
2227
2228
2230
2232
2234
2236
2238
2240
2242
2244
2247
2249
2251
2253
2256
2258
2260
2262
2264
2266
2267
2269
2273
2276
2279
2282
2282
2287
2290
2291
2293
2295
2298
2300
2301
2303
2306
2308
2310
2312
2314
2317
2319
2321
2322
2324
2326
2328
2330
2331
2334
2335
2337
2339
2341
2342
2344
2346
2347
2349
2350
2352
2353
2355
2357
2358
2360
2361
2363
2363
2365
2366
2368
2369
2370
2370
2372
2373
2373
2375
2376
2377
2376
2378
2379
2379
2379
2380
2380
2380
2381
2381
2381
2381
2382
2383
2382
2382
2382
2381
2378
2381
2381
2380
2380
2380
2379
2379
2378
2377
2377
2375
2375
2374
2373
2372
2372
2370
2369
2368
2367
2365
2365
2363
2362
2360
2359
2357
2356
2354
2353
2351
2350
2348
2346
2345
2343
2341
2339
2338
2336
2333
2332
2329
2328
2326
2324
2321
2321
2317
2315
2313
2310
2308
