1755
1757
1759
1760
1762
1764
1767
1768
1771
1773
1776
1778
1780
1783
1785
1787
1788
1791
1793
1795
1797
1798
1802
1805
1808
1809
1812
1814
1817
1818
1821
1823
1824
1826
1829
1831
1833
1835
1837
1840
1843
1844
1844
1848
1848
1852
1854
1856
1857
1860
1861
1863
1865
1866
1869
1870
1872
1874
1876
1877
1879
1880
1882
1883
1885
1886
1888
1889
1890
1893
1891
1895
1896
1897
1898
1899
1901
1902
1903
1903
1905
1905
1903
1906
1907
1907
1908
1909
1909
1910
1910
1911
1910
1911
1911
1911
1911
1912
1911
1911
1911
1910
1911
1910
1910
1909
1909
1909
1908
1907
1907
1906
1905
1905
1904
1903
1901
1901
1900
1898
1897
1896
1895
1893
1892
1890
1889
1887
1886
1884
1883
1881
1879
1877
1876
1874
1872
1871
1870
1866
1865
1863
1860
1858
1857
1854
1852
1849
1848
1845
1843
1841
1839
1836
1833
1832
1830
1828
1824
1824
1820
1817
1815
1811
1809
1807
1805
1802
1801
1798
1796
1794
1792
1789
1787
1785
1783
1780
1779
1777
1775
1773
1771
1768
1767
1765
1763
1761
1760
1757
1756
1754
1752
1751
1749
1747
1743
1744
1742
1741
1738
1737
1734
1735
1731
1732
1731
1730
1729
1727
1726
1726
1720
1722
1722
1721
1720
1719
1718
1717
1717
1716
1715
1714
1715
1714
1714
1713
1713
1713
1714
1713
1713
1713
1712
1713
1713
1714
1713
1714
1714
1714
1714
1716
1717
1717
1718
1718
1719
1720
1721
1722
1723
1724
1725
1726
1727
1729
1730
1731
1734
1734
1736
1736
1738
1739
1741
1742
1741
1745
1747
1748
1750
1752
1754
1756
1757
1760
1761
1763
1765
1767
1770
1772
1774
1776
1779
1781
1783
1785
1788
1789
1792
1793
1796
1797
1800
1803
1806
1808
1811
1813
1815
1817
1819
1821
1823
1825
1827
1830
1832
1834
1836
1838
1840
1842
1844
1847
1849
1851
1853
1854
1857
1858
1860
1861
1864
1865
1867
1869
1871
1873
1874
1876
1877
1879
1881
1883
1884
1885
1887
1889
1891
1892
1893
1893
1896
1896
1898
1899
1900
1901
1902
1903
1904
1905
1906
1906
1906
1908
1908
1909
1909
1909
1909
1909
1910
1911
1911
1911
1911
1911
1909
1911
1910
1911
1910
1911
1910
1910
1909
1909
1909
1908
1907
1906
1908
1905
1905
1903
1903
1901
1900
1899
1897
1896
1896
1894
1892
1892
1889
1888
1888
1885
1884
1882
1880
1878
1877
1875
1874
1872
1871
1868
1866
1864
1862
1860
1858
1855
1854
1851
1849
1847
1844
1842
1840
1837
1836
1833
1831
1829
1828
1825
1821
1819
1816
1813
1811
1808
1806
1804
1802
1800
1797
1795
1793
1791
1789
1787
1785
1782
1780
1778
1776
1774
1772
1770
1768
1766
1764
1762
1761
1759
1757
1755
1754
1752
1750
1748
1747
1744
1743
1741
1740
1738
1737
1736
1735
1733
1732
1730
1730
1729
1728
1726
1725
1723
1723
1722
1721
1719
1719
1718
1718
1717
1716
1715
1715
1715
