2801
2898
2966
2997
2991
2949
2874
2771
2637
2486
2325
2163
2007
1866
1746
1654
1595
1569
1581
1626
1706
1817
1955
2112
2275
2437
2592
2729
2844
2929
2982
2998
2978
2924
2837
2719
2580
2423
2260
2100
1949
1815
1707
1627
1580
1570
1595
1654
1742
1869
2015
2176
2340
2500
2649
2777
2881
2954
2993
2994
2962
2893
2796
2666
2518
2359
2193
2038
1893
1768
1671
1604
1571
1576
1614
1687
1790
1924
2078
2241
2404
2561
2703
2822
2914
2974
2998
2984
2938
2857
2746
2610
2455
2294
2132
1979
1841
1727
1641
1587
1569
1587
1639
1724
1841
1984
2143
2305
2468
2619
2750
2862
2942
2987
2999
2970
2910
2817
2694
2550
2391
2229
2071
1922
1793
1689
1615
1574
1572
1603
1669
1764
1896
2045
2207
2371
2530
2675
2799
2897
2964
2996
2990
2951
2877
2773
2640
2489
2328
2166
2010
1869
1748
1656
1595
1570
1581
1626
1704
1814
1953
2109
2273
2435
2589
2727
2842
2927
2981
2998
2978
2925
2838
2721
2582
2425
2263
2102
1951
1817
1708
1627
1581
1570
1595
1653
1743
1867
2013
2174
2337
2498
2647
2776
2880
2953
2993
2994
2961
2894
2797
2668
2521
2361
2199
2041
1895
1770
1673
1604
1571
1576
1613
1685
1787
1922
2076
2239
2402
2558
2701
2820
2913
2973
2998
2985
2939
2858
2748
2612
2458
2297
2135
1981
1843
1730
1643
1587
1569
1587
1638
1723
1839
1980
2140
2304
2465
2617
2752
2861
2941
2987
2996
2971
2911
2818
2696
2553
2394
2232
2073
1924
1795
1690
1617
1576
1573
1602
1668
1763
1893
2043
2205
2369
2527
2673
2797
2896
2964
2995
2990
2951
2878
2775
2642
2490
2330
2168
2012
1870
1749
1658
1595
1569
1580
1624
1703
1812
1950
2107
2271
2433
2588
2725
2840
2927
2981
2998
2979
2926
2840
2723
2584
2428
2265
2105
1953
1819
1709
1629
1580
1570
1594
1651
1741
1865
2010
2171
2335
2495
2644
2774
2878
2952
2992
2994
2963
2896
2799
2671
2523
2363
2201
2043
1898
1773
1674
1605
1571
1575
1613
1684
1785
1920
2073
2236
2400
2557
2698
2818
2909
2973
2997
2985
2940
2860
2751
2614
2461
2299
2138
1984
1845
1730
1642
1588
1569
1586
1636
1722
1837
1978
2137
2301
2463
2614
2749
2859
2940
2987
2993
2972
2912
2820
2698
2556
2397
2235
2075
1927
1796
1692
1618
1576
1572
1602
1666
1761
1891
2041
2202
2366
2527
2671
2796
2895
2962
2995
2991
2952
2880
2777
2644
2493
2333
2171
2015
1872
1753
1658
1595
1569
1580
1623
1701
1810
1948
2104
2267
2430
2584
2723
2839
2925
2980
2998
2979
2928
2841
2725
2587
2431
2268
2108
1956
1822
1712
1630
1582
1570
1594
1650
1740
1862
2008
2169
2332
2493
2642
2772
2878
2951
2992
2994
2963
2897
2801
2673
2526
2366
2204
2045
1900
1773
1676
1606
1573
1575
1610
1683
1783
1917
2069
2233
2396
2554
2696
2817
2910
2972
2998
2986
2941
2861
2752
2617
2463
2301
2141
1986
1848
1732
1644
1588
1569
1586
1635
1720
1835
1976
2135
2298
2461
2613
2747
2857
2939
2987
2997
2972
2914
2821
2700
2557
2399
2237
2078
1929
1797
1694
1618
1577
1571
1601
1665
1759
1885
2037
2200
2363
